"ID","TRANSID","COMPID","N","L"
1,1,8,10,2.00
2,1,9,9,3.00
3,1,10,2,5.00
4,1,12,0,12.00
5,1,13,0,12.00
6,2,8,10,2.00
7,2,9,9,3.00
8,2,10,0,5.00
9,2,12,0,12.00
10,2,13,0,12.00
11,3,8,2,2.00
12,3,9,1,3.00
13,3,10,1,5.00
14,3,12,0,12.00
15,3,13,0,12.00
16,4,8,10,2.00
17,4,9,8,3.00
18,4,10,1,5.00
19,4,12,0,12.00
20,4,13,0,12.00
21,5,8,12,2.00
22,5,9,2,3.00
23,5,10,0,5.00
24,5,12,0,12.00
25,5,13,0,12.00
26,6,8,13,2.00
27,6,9,5,3.00
28,6,10,0,5.00
29,6,12,0,12.00
30,6,13,0,12.00
31,7,8,22,2.00
32,7,9,11,3.00
33,7,10,2,5.00
34,7,12,0,12.00
35,7,13,0,12.00
36,8,8,21,2.00
37,8,9,5,3.00
38,8,10,0,5.00
39,8,12,0,12.00
40,8,13,0,12.00
41,9,8,0,2.00
42,9,9,0,3.00
43,9,10,0,5.00
44,9,12,0,12.00
45,9,13,0,12.00
46,10,8,0,2.00
47,10,9,0,3.00
48,10,10,0,5.00
49,10,12,0,12.00
50,10,13,0,12.00
51,11,8,0,2.00
52,11,9,0,3.00
53,11,10,0,5.00
54,11,12,0,12.00
55,11,13,0,12.00
56,12,8,0,2.00
57,12,9,0,3.00
58,12,10,0,5.00
59,12,12,0,12.00
60,12,13,0,12.00
61,13,8,8,2.00
62,13,9,6,3.00
63,13,10,1,5.00
64,13,12,0,12.00
65,13,13,0,12.00
66,14,8,5,2.00
67,14,9,10,3.00
68,14,10,0,5.00
69,14,12,0,12.00
70,14,13,0,12.00
71,15,8,2,2.00
72,15,9,7,3.00
73,15,10,3,5.00
74,15,12,0,12.00
75,15,13,0,12.00
76,16,8,4,2.00
77,16,9,6,3.00
78,16,10,0,5.00
79,16,12,0,12.00
80,16,13,0,12.00
81,17,8,17,2.00
82,17,9,9,3.00
83,17,10,1,5.00
84,17,12,0,12.00
85,17,13,0,12.00
86,18,8,2,2.00
87,18,9,3,3.00
88,18,10,0,5.00
89,18,12,0,12.00
90,18,13,0,12.00
91,19,8,1,2.00
92,19,9,0,3.00
93,19,10,1,5.00
94,19,12,0,12.00
95,19,13,0,12.00
96,20,8,8,2.00
97,20,9,14,3.00
98,20,10,1,5.00
99,20,12,0,12.00
100,20,13,0,12.00
101,21,8,5,2.00
102,21,9,7,3.00
103,21,10,0,5.00
104,21,12,0,12.00
105,21,13,0,12.00
106,22,8,18,2.00
107,22,9,16,3.00
108,22,10,1,5.00
109,22,12,0,12.00
110,22,13,0,12.00
111,23,8,7,2.00
112,23,9,9,3.00
113,23,10,0,5.00
114,23,12,0,12.00
115,23,13,0,12.00
116,24,8,8,2.00
117,24,9,0,3.00
118,24,10,0,5.00
119,24,12,0,12.00
120,24,13,0,12.00
121,25,8,7,2.00
122,25,9,3,3.00
123,25,10,3,5.00
124,25,12,0,12.00
125,25,13,0,12.00
126,26,8,9,2.00
127,26,9,6,3.00
128,26,10,3,5.00
129,26,12,0,12.00
130,26,13,0,12.00
131,27,8,2,2.00
132,27,9,1,3.00
133,27,10,0,5.00
134,27,12,0,12.00
135,27,13,0,12.00
136,28,8,2,2.00
137,28,9,1,3.00
138,28,10,11,5.00
139,28,12,0,12.00
140,28,13,0,12.00
141,29,8,8,2.00
142,29,9,20,3.00
143,29,10,0,5.00
144,29,12,0,12.00
145,29,13,0,12.00
146,30,8,8,2.00
147,30,9,28,3.00
148,30,10,0,5.00
149,30,12,0,12.00
150,30,13,0,12.00
151,31,8,17,2.00
152,31,9,12,3.00
153,31,10,0,5.00
154,31,12,0,12.00
155,31,13,0,12.00
156,32,8,22,2.00
157,32,9,16,3.00
158,32,10,0,5.00
159,32,12,0,12.00
160,32,13,0,12.00
161,33,8,4,2.00
162,33,9,1,3.00
163,33,10,2,5.00
164,33,12,0,12.00
165,33,13,0,12.00
166,34,8,2,2.00
167,34,9,2,3.00
168,34,10,0,5.00
169,34,12,0,12.00
170,34,13,0,12.00
171,35,8,7,2.00
172,35,9,4,3.00
173,35,10,1,5.00
174,35,12,0,12.00
175,35,13,0,12.00
176,36,8,15,2.00
177,36,9,6,3.00
178,36,10,0,5.00
179,36,12,0,12.00
180,36,13,0,12.00
181,37,8,5,2.00
182,37,9,6,3.00
183,37,10,0,5.00
184,37,12,0,12.00
185,37,13,0,12.00
186,38,8,3,2.00
187,38,9,1,3.00
188,38,10,1,5.00
189,38,12,0,12.00
190,38,13,0,12.00
191,39,8,2,2.00
192,39,9,0,3.00
193,39,10,0,5.00
194,39,12,0,12.00
195,39,13,0,12.00
196,40,8,2,2.00
197,40,9,6,3.00
198,40,10,2,5.00
199,40,12,1,12.00
200,40,13,0,12.00
201,41,8,8,2.00
202,41,9,1,3.00
203,41,10,0,5.00
204,41,12,0,12.00
205,41,13,0,12.00
206,42,8,0,2.00
207,42,9,2,3.00
208,42,10,0,5.00
209,42,12,0,12.00
210,42,13,0,12.00
211,43,8,7,2.00
212,43,9,4,3.00
213,43,10,0,5.00
214,43,12,0,12.00
215,43,13,0,12.00
216,44,8,11,2.00
217,44,9,5,3.00
218,44,10,0,5.00
219,44,12,0,12.00
220,44,13,0,12.00
221,45,8,18,2.00
222,45,9,2,3.00
223,45,10,5,5.00
224,45,12,3,12.00
225,45,13,2,12.00
226,46,8,12,2.00
227,46,9,6,3.00
228,46,10,1,5.00
229,46,12,1,12.00
230,46,13,1,12.00
231,47,8,21,2.00
232,47,9,6,3.00
233,47,10,3,5.00
234,47,12,2,12.00
235,47,13,1,12.00
236,48,8,17,2.00
237,48,9,10,3.00
238,48,10,0,5.00
239,48,12,2,12.00
240,48,13,1,12.00
241,49,8,10,2.00
242,49,9,3,3.00
243,49,10,0,5.00
244,49,12,0,12.00
245,49,13,0,12.00
246,50,8,12,2.00
247,50,9,14,3.00
248,50,10,4,5.00
249,50,12,0,12.00
250,50,13,0,12.00
251,51,8,26,2.00
252,51,9,4,3.00
253,51,10,1,5.00
254,51,12,3,12.00
255,51,13,0,12.00
256,52,8,10,2.00
257,52,9,0,3.00
258,52,10,0,5.00
259,52,12,0,12.00
260,52,13,0,12.00
261,53,8,11,2.00
262,53,9,3,3.00
263,53,10,1,5.00
264,53,12,3,12.00
265,53,13,0,12.00
266,54,8,14,2.00
267,54,9,6,3.00
268,54,10,1,5.00
269,54,12,0,12.00
270,54,13,0,12.00
271,55,8,15,2.00
272,55,9,6,3.00
273,55,10,0,5.00
274,55,12,0,12.00
275,55,13,0,12.00
276,56,8,17,2.00
277,56,9,1,3.00
278,56,10,0,5.00
279,56,12,0,12.00
280,56,13,0,12.00
281,57,8,22,2.00
282,57,9,3,3.00
283,57,10,2,5.00
284,57,12,3,12.00
285,57,13,0,12.00
286,58,8,13,2.00
287,58,9,5,3.00
288,58,10,3,5.00
289,58,12,0,12.00
290,58,13,0,12.00
291,59,8,6,2.00
292,59,9,0,3.00
293,59,10,13,5.00
294,59,12,0,12.00
295,59,13,0,12.00
296,60,8,20,2.00
297,60,9,5,3.00
298,60,10,9,5.00
299,60,12,1,12.00
300,60,13,1,12.00
301,61,8,8,2.00
302,61,9,1,3.00
303,61,10,0,5.00
304,61,12,0,12.00
305,61,13,0,12.00
306,62,8,3,2.00
307,62,9,6,3.00
308,62,10,0,5.00
309,62,12,0,12.00
310,62,13,0,12.00
311,63,8,5,2.00
312,63,9,4,3.00
313,63,10,2,5.00
314,63,12,0,12.00
315,63,13,1,12.00
316,64,8,10,2.00
317,64,9,7,3.00
318,64,10,5,5.00
319,64,12,1,12.00
320,64,13,3,12.00
321,65,8,10,2.00
322,65,9,3,3.00
323,65,10,5,5.00
324,65,12,2,12.00
325,65,13,0,12.00
326,66,8,5,2.00
327,66,9,4,3.00
328,66,10,0,5.00
329,66,12,0,12.00
330,66,13,0,12.00
331,67,8,14,2.00
332,67,9,5,3.00
333,67,10,5,5.00
334,67,12,0,12.00
335,67,13,0,12.00
336,68,8,6,2.00
337,68,9,1,3.00
338,68,10,4,5.00
339,68,12,0,12.00
340,68,13,0,12.00
341,69,8,21,2.00
342,69,9,6,3.00
343,69,10,0,5.00
344,69,12,0,12.00
345,69,13,0,12.00
346,70,8,15,2.00
347,70,9,4,3.00
348,70,10,1,5.00
349,70,12,0,12.00
350,70,13,0,12.00
351,71,8,11,2.00
352,71,9,14,3.00
353,71,10,0,5.00
354,71,12,0,12.00
355,71,13,0,12.00
356,72,8,8,2.00
357,72,9,11,3.00
358,72,10,0,5.00
359,72,12,0,12.00
360,72,13,0,12.00
361,73,8,3,2.00
362,73,9,5,3.00
363,73,10,0,5.00
364,73,12,1,12.00
365,73,13,0,12.00
366,74,8,6,2.00
367,74,9,6,3.00
368,74,10,0,5.00
369,74,12,1,12.00
370,74,13,0,12.00
371,75,8,0,2.00
372,75,9,0,3.00
373,75,10,0,5.00
374,75,12,0,12.00
375,75,13,0,12.00
376,76,8,5,2.00
377,76,9,1,3.00
378,76,10,0,5.00
379,76,12,0,12.00
380,76,13,0,12.00
381,77,8,4,2.00
382,77,9,3,3.00
383,77,10,3,5.00
384,77,12,0,12.00
385,77,13,0,12.00
386,78,8,1,2.00
387,78,9,2,3.00
388,78,10,6,5.00
389,78,12,6,12.00
390,78,13,0,12.00
391,79,8,3,2.00
392,79,9,2,3.00
393,79,10,3,5.00
394,79,12,1,12.00
395,79,13,0,12.00
396,80,8,4,2.00
397,80,9,2,3.00
398,80,10,1,5.00
399,80,12,0,12.00
400,80,13,0,12.00
401,81,8,1,2.00
402,81,9,1,3.00
403,81,10,4,5.00
404,81,12,2,12.00
405,81,13,0,12.00
406,82,8,1,2.00
407,82,9,0,3.00
408,82,10,4,5.00
409,82,12,1,12.00
410,82,13,0,12.00
411,83,8,1,2.00
412,83,9,3,3.00
413,83,10,2,5.00
414,83,12,1,12.00
415,83,13,0,12.00
416,84,8,0,2.00
417,84,9,0,3.00
418,84,10,2,5.00
419,84,12,2,12.00
420,84,13,0,12.00
421,85,8,29,2.00
422,85,9,11,3.00
423,85,10,0,5.00
424,85,12,0,12.00
425,85,13,0,12.00
426,86,8,42,2.00
427,86,9,25,3.00
428,86,10,4,5.00
429,86,12,0,12.00
430,86,13,0,12.00
431,87,8,2,2.00
432,87,9,15,3.00
433,87,10,0,5.00
434,87,12,0,12.00
435,87,13,0,12.00
436,88,8,23,2.00
437,88,9,33,3.00
438,88,10,2,5.00
439,88,12,0,12.00
440,88,13,0,12.00
441,89,8,0,2.00
442,89,9,5,3.00
443,89,10,1,5.00
444,89,12,1,12.00
445,89,13,0,12.00
446,90,8,13,2.00
447,90,9,19,3.00
448,90,10,5,5.00
449,90,12,1,12.00
450,90,13,0,12.00
451,91,8,1,2.00
452,91,9,2,3.00
453,91,10,3,5.00
454,91,12,1,12.00
455,91,13,1,12.00
456,92,8,1,2.00
457,92,9,0,3.00
458,92,10,0,5.00
459,92,12,1,12.00
460,92,13,1,12.00
461,93,8,3,2.00
462,93,9,4,3.00
463,93,10,0,5.00
464,93,12,0,12.00
465,93,13,0,12.00
466,94,8,4,2.00
467,94,9,0,3.00
468,94,10,0,5.00
469,94,12,0,12.00
470,94,13,0,12.00
471,95,8,2,2.00
472,95,9,4,3.00
473,95,10,1,5.00
474,95,12,0,12.00
475,95,13,0,12.00
476,96,8,2,2.00
477,96,9,5,3.00
478,96,10,1,5.00
479,96,12,0,12.00
480,96,13,0,12.00
481,97,8,3,2.00
482,97,9,2,3.00
483,97,10,0,5.00
484,97,12,0,12.00
485,97,13,0,12.00
486,98,8,2,2.00
487,98,9,2,3.00
488,98,10,0,5.00
489,98,12,0,12.00
490,98,13,0,12.00
491,99,8,0,2.00
492,99,9,2,3.00
493,99,10,0,5.00
494,99,12,0,12.00
495,99,13,0,12.00
496,100,8,2,2.00
497,100,9,0,3.00
498,100,10,0,5.00
499,100,12,0,12.00
500,100,13,0,12.00
501,101,8,1,2.00
502,101,9,10,3.00
503,101,10,0,5.00
504,101,12,1,12.00
505,101,13,0,12.00
506,102,8,5,2.00
507,102,9,1,3.00
508,102,10,1,5.00
509,102,12,0,12.00
510,102,13,0,12.00
511,103,8,0,2.00
512,103,9,2,3.00
513,103,10,0,5.00
514,103,12,0,12.00
515,103,13,0,12.00
516,104,8,3,2.00
517,104,9,4,3.00
518,104,10,3,5.00
519,104,12,1,12.00
520,104,13,0,12.00
521,105,8,1,2.00
522,105,9,13,3.00
523,105,10,1,5.00
524,105,12,0,12.00
525,105,13,0,12.00
526,106,8,0,2.00
527,106,9,3,3.00
528,106,10,0,5.00
529,106,12,1,12.00
530,106,13,1,12.00
531,107,8,0,2.00
532,107,9,3,3.00
533,107,10,1,5.00
534,107,12,0,12.00
535,107,13,0,12.00
536,108,8,1,2.00
537,108,9,0,3.00
538,108,10,0,5.00
539,108,12,0,12.00
540,108,13,0,12.00
541,109,8,21,2.00
542,109,9,9,3.00
543,109,10,2,5.00
544,109,12,0,12.00
545,109,13,1,12.00
546,110,8,5,2.00
547,110,9,9,3.00
548,110,10,0,5.00
549,110,12,0,12.00
550,110,13,0,12.00
551,111,8,146,2.00
552,111,9,26,3.00
553,111,10,13,5.00
554,111,12,0,12.00
555,111,13,1,12.00
556,112,8,7,2.00
557,112,9,3,3.00
558,112,10,9,5.00
559,112,12,0,12.00
560,112,13,0,12.00
561,113,8,3,2.00
562,113,9,5,3.00
563,113,10,3,5.00
564,113,12,0,12.00
565,113,13,0,12.00
566,114,8,5,2.00
567,114,9,3,3.00
568,114,10,11,5.00
569,114,12,1,12.00
570,114,13,0,12.00
571,115,8,0,2.00
572,115,9,20,3.00
573,115,10,7,5.00
574,115,12,0,12.00
575,115,13,0,12.00
576,116,8,33,2.00
577,116,9,12,3.00
578,116,10,9,5.00
579,116,12,0,12.00
580,116,13,0,12.00
581,117,8,152,2.00
582,117,9,7,3.00
583,117,10,3,5.00
584,117,12,0,12.00
585,117,13,0,12.00
586,118,8,31,2.00
587,118,9,11,3.00
588,118,10,6,5.00
589,118,12,0,12.00
590,118,13,0,12.00
591,119,8,21,2.00
592,119,9,7,3.00
593,119,10,8,5.00
594,119,12,0,12.00
595,119,13,0,12.00
596,120,8,47,2.00
597,120,9,16,3.00
598,120,10,9,5.00
599,120,12,0,12.00
600,120,13,0,12.00
601,121,8,11,2.00
602,121,9,6,3.00
603,121,10,9,5.00
604,121,12,1,12.00
605,121,13,1,12.00
606,122,8,15,2.00
607,122,9,5,3.00
608,122,10,6,5.00
609,122,12,0,12.00
610,122,13,1,12.00
611,123,8,52,2.00
612,123,9,30,3.00
613,123,10,32,5.00
614,123,12,2,12.00
615,123,13,5,12.00
616,124,8,0,2.00
617,124,9,10,3.00
618,124,10,5,5.00
619,124,12,0,12.00
620,124,13,1,12.00
621,125,8,8,2.00
622,125,9,17,3.00
623,125,10,1,5.00
624,125,12,0,12.00
625,125,13,0,12.00
626,126,8,23,2.00
627,126,9,5,3.00
628,126,10,7,5.00
629,126,12,0,12.00
630,126,13,0,12.00
631,127,8,26,2.00
632,127,9,9,3.00
633,127,10,3,5.00
634,127,12,0,12.00
635,127,13,1,12.00
636,128,8,18,2.00
637,128,9,4,3.00
638,128,10,1,5.00
639,128,12,1,12.00
640,128,13,0,12.00
641,129,8,7,2.00
642,129,9,3,3.00
643,129,10,0,5.00
644,129,12,0,12.00
645,129,13,0,12.00
646,130,8,2,2.00
647,130,9,1,3.00
648,130,10,1,5.00
649,130,12,0,12.00
650,130,13,0,12.00
651,131,8,23,2.00
652,131,9,7,3.00
653,131,10,0,5.00
654,131,12,0,12.00
655,131,13,0,12.00
656,132,8,4,2.00
657,132,9,1,3.00
658,132,10,1,5.00
659,132,12,0,12.00
660,132,13,0,12.00
661,133,8,4,2.00
662,133,9,5,3.00
663,133,10,0,5.00
664,133,12,0,12.00
665,133,13,0,12.00
666,134,8,5,2.00
667,134,9,4,3.00
668,134,10,1,5.00
669,134,12,0,12.00
670,134,13,0,12.00
671,135,8,2,2.00
672,135,9,4,3.00
673,135,10,0,5.00
674,135,12,0,12.00
675,135,13,0,12.00
676,136,8,2,2.00
677,136,9,2,3.00
678,136,10,1,5.00
679,136,12,0,12.00
680,136,13,0,12.00
681,137,8,4,2.00
682,137,9,4,3.00
683,137,10,1,5.00
684,137,12,0,12.00
685,137,13,0,12.00
686,138,8,7,2.00
687,138,9,10,3.00
688,138,10,1,5.00
689,138,12,0,12.00
690,138,13,0,12.00
691,139,8,10,2.00
692,139,9,9,3.00
693,139,10,2,5.00
694,139,12,0,12.00
695,139,13,0,12.00
696,140,8,4,2.00
697,140,9,18,3.00
698,140,10,3,5.00
699,140,12,0,12.00
700,140,13,0,12.00
701,141,8,4,2.00
702,141,9,11,3.00
703,141,10,0,5.00
704,141,12,0,12.00
705,141,13,0,12.00
706,142,8,9,2.00
707,142,9,30,3.00
708,142,10,2,5.00
709,142,12,0,12.00
710,142,13,0,12.00
711,143,8,4,2.00
712,143,9,11,3.00
713,143,10,2,5.00
714,143,12,0,12.00
715,143,13,0,12.00
716,144,8,2,2.00
717,144,9,9,3.00
718,144,10,3,5.00
719,144,12,0,12.00
720,144,13,0,12.00
721,145,8,1,2.00
722,145,9,1,3.00
723,145,10,1,5.00
724,145,12,0,12.00
725,145,13,1,12.00
726,146,8,3,2.00
727,146,9,2,3.00
728,146,10,1,5.00
729,146,12,0,12.00
730,146,13,0,12.00
731,147,8,4,2.00
732,147,9,7,3.00
733,147,10,1,5.00
734,147,12,0,12.00
735,147,13,0,12.00
736,148,8,18,2.00
737,148,9,3,3.00
738,148,10,1,5.00
739,148,12,0,12.00
740,148,13,0,12.00
741,149,8,2,2.00
742,149,9,6,3.00
743,149,10,3,5.00
744,149,12,0,12.00
745,149,13,0,12.00
746,150,8,4,2.00
747,150,9,9,3.00
748,150,10,2,5.00
749,150,12,0,12.00
750,150,13,0,12.00
751,151,8,9,2.00
752,151,9,5,3.00
753,151,10,0,5.00
754,151,12,0,12.00
755,151,13,1,12.00
756,152,8,9,2.00
757,152,9,34,3.00
758,152,10,0,5.00
759,152,12,0,12.00
760,152,13,0,12.00
761,153,8,11,2.00
762,153,9,18,3.00
763,153,10,0,5.00
764,153,12,0,12.00
765,153,13,0,12.00
766,154,8,10,2.00
767,154,9,16,3.00
768,154,10,2,5.00
769,154,12,0,12.00
770,154,13,0,12.00
771,155,8,17,2.00
772,155,9,20,3.00
773,155,10,0,5.00
774,155,12,0,12.00
775,155,13,1,12.00
776,156,8,12,2.00
777,156,9,21,3.00
778,156,10,1,5.00
779,156,12,0,12.00
780,156,13,0,12.00
781,157,8,7,2.00
782,157,9,8,3.00
783,157,10,3,5.00
784,157,12,0,12.00
785,157,13,0,12.00
786,158,8,16,2.00
787,158,9,8,3.00
788,158,10,1,5.00
789,158,12,0,12.00
790,158,13,0,12.00
791,159,8,25,2.00
792,159,9,28,3.00
793,159,10,2,5.00
794,159,12,0,12.00
795,159,13,1,12.00
796,160,8,10,2.00
797,160,9,67,3.00
798,160,10,2,5.00
799,160,12,0,12.00
800,160,13,0,12.00
801,161,8,2,2.00
802,161,9,3,3.00
803,161,10,0,5.00
804,161,12,0,12.00
805,161,13,0,12.00
806,162,8,37,2.00
807,162,9,19,3.00
808,162,10,0,5.00
809,162,12,0,12.00
810,162,13,0,12.00
811,163,8,9,2.00
812,163,9,65,3.00
813,163,10,3,5.00
814,163,12,0,12.00
815,163,13,2,12.00
816,164,8,5,2.00
817,164,9,36,3.00
818,164,10,9,5.00
819,164,12,0,12.00
820,164,13,0,12.00
821,165,8,9,2.00
822,165,9,22,3.00
823,165,10,1,5.00
824,165,12,0,12.00
825,165,13,1,12.00
826,166,8,7,2.00
827,166,9,31,3.00
828,166,10,0,5.00
829,166,12,0,12.00
830,166,13,0,12.00
831,167,8,6,2.00
832,167,9,22,3.00
833,167,10,0,5.00
834,167,12,0,12.00
835,167,13,0,12.00
836,168,8,15,2.00
837,168,9,54,3.00
838,168,10,1,5.00
839,168,12,0,12.00
840,168,13,0,12.00
841,169,8,9,2.00
842,169,9,5,3.00
843,169,10,1,5.00
844,169,12,0,12.00
845,169,13,1,12.00
846,170,8,11,2.00
847,170,9,21,3.00
848,170,10,0,5.00
849,170,12,0,12.00
850,170,13,0,12.00
851,171,8,9,2.00
852,171,9,6,3.00
853,171,10,2,5.00
854,171,12,0,12.00
855,171,13,0,12.00
856,172,8,37,2.00
857,172,9,7,3.00
858,172,10,0,5.00
859,172,12,0,12.00
860,172,13,0,12.00
861,173,8,8,2.00
862,173,9,52,3.00
863,173,10,1,5.00
864,173,12,0,12.00
865,173,13,0,12.00
866,174,8,5,2.00
867,174,9,6,3.00
868,174,10,0,5.00
869,174,12,0,12.00
870,174,13,0,12.00
871,175,8,20,2.00
872,175,9,9,3.00
873,175,10,3,5.00
874,175,12,0,12.00
875,175,13,0,12.00
876,176,8,4,2.00
877,176,9,6,3.00
878,176,10,0,5.00
879,176,12,0,12.00
880,176,13,0,12.00
881,177,8,4,2.00
882,177,9,2,3.00
883,177,10,1,5.00
884,177,12,0,12.00
885,177,13,0,12.00
886,178,8,0,2.00
887,178,9,3,3.00
888,178,10,0,5.00
889,178,12,1,12.00
890,178,13,0,12.00
891,179,8,5,2.00
892,179,9,3,3.00
893,179,10,0,5.00
894,179,12,0,12.00
895,179,13,0,12.00
896,180,8,0,2.00
897,180,9,0,3.00
898,180,10,5,5.00
899,180,12,0,12.00
900,180,13,0,12.00
901,181,8,2,2.00
902,181,9,4,3.00
903,181,10,0,5.00
904,181,12,0,12.00
905,181,13,0,12.00
906,182,8,2,2.00
907,182,9,4,3.00
908,182,10,1,5.00
909,182,12,0,12.00
910,182,13,0,12.00
911,183,8,3,2.00
912,183,9,5,3.00
913,183,10,0,5.00
914,183,12,0,12.00
915,183,13,0,12.00
916,184,8,1,2.00
917,184,9,3,3.00
918,184,10,0,5.00
919,184,12,0,12.00
920,184,13,0,12.00
921,185,8,5,2.00
922,185,9,7,3.00
923,185,10,0,5.00
924,185,12,0,12.00
925,185,13,0,12.00
926,186,8,1,2.00
927,186,9,4,3.00
928,186,10,0,5.00
929,186,12,0,12.00
930,186,13,0,12.00
931,187,8,5,2.00
932,187,9,4,3.00
933,187,10,0,5.00
934,187,12,0,12.00
935,187,13,0,12.00
936,188,8,8,2.00
937,188,9,1,3.00
938,188,10,0,5.00
939,188,12,0,12.00
940,188,13,0,12.00
941,189,8,5,2.00
942,189,9,6,3.00
943,189,10,0,5.00
944,189,12,0,12.00
945,189,13,0,12.00
946,190,8,7,2.00
947,190,9,3,3.00
948,190,10,0,5.00
949,190,12,0,12.00
950,190,13,0,12.00
951,191,8,3,2.00
952,191,9,8,3.00
953,191,10,0,5.00
954,191,12,0,12.00
955,191,13,0,12.00
956,192,8,7,2.00
957,192,9,4,3.00
958,192,10,0,5.00
959,192,12,0,12.00
960,192,13,0,12.00
961,193,8,0,2.00
962,193,9,12,3.00
963,193,10,0,5.00
964,193,12,0,12.00
965,193,13,0,12.00
966,194,8,2,2.00
967,194,9,4,3.00
968,194,10,0,5.00
969,194,12,0,12.00
970,194,13,0,12.00
971,195,8,3,2.00
972,195,9,1,3.00
973,195,10,0,5.00
974,195,12,0,12.00
975,195,13,0,12.00
976,196,8,3,2.00
977,196,9,4,3.00
978,196,10,0,5.00
979,196,12,0,12.00
980,196,13,0,12.00
981,197,8,7,2.00
982,197,9,8,3.00
983,197,10,1,5.00
984,197,12,0,12.00
985,197,13,0,12.00
986,198,8,8,2.00
987,198,9,10,3.00
988,198,10,0,5.00
989,198,12,0,12.00
990,198,13,0,12.00
991,199,8,12,2.00
992,199,9,5,3.00
993,199,10,0,5.00
994,199,12,1,12.00
995,199,13,0,12.00
996,200,8,4,2.00
997,200,9,11,3.00
998,200,10,0,5.00
999,200,12,0,12.00
1000,200,13,0,12.00
1001,201,8,8,2.00
1002,201,9,5,3.00
1003,201,10,0,5.00
1004,201,12,0,12.00
1005,201,13,0,12.00
1006,202,8,10,2.00
1007,202,9,4,3.00
1008,202,10,17,5.00
1009,202,12,0,12.00
1010,202,13,0,12.00
1011,203,8,11,2.00
1012,203,9,3,3.00
1013,203,10,0,5.00
1014,203,12,0,12.00
1015,203,13,0,12.00
1016,204,8,7,2.00
1017,204,9,5,3.00
1018,204,10,0,5.00
1019,204,12,0,12.00
1020,204,13,0,12.00
1021,205,8,11,2.00
1022,205,9,7,3.00
1023,205,10,0,5.00
1024,205,12,0,12.00
1025,205,13,0,12.00
1026,206,8,9,2.00
1027,206,9,6,3.00
1028,206,10,0,5.00
1029,206,12,0,12.00
1030,206,13,0,12.00
1031,207,8,5,2.00
1032,207,9,7,3.00
1033,207,10,0,5.00
1034,207,12,0,12.00
1035,207,13,0,12.00
1036,208,8,0,2.00
1037,208,9,2,3.00
1038,208,10,0,5.00
1039,208,12,0,12.00
1040,208,13,0,12.00
1041,209,8,1,2.00
1042,209,9,5,3.00
1043,209,10,2,5.00
1044,209,12,0,12.00
1045,209,13,0,12.00
1046,210,8,9,2.00
1047,210,9,6,3.00
1048,210,10,1,5.00
1049,210,12,1,12.00
1050,210,13,0,12.00
1051,211,8,0,2.00
1052,211,9,5,3.00
1053,211,10,0,5.00
1054,211,12,0,12.00
1055,211,13,0,12.00
1056,212,8,7,2.00
1057,212,9,8,3.00
1058,212,10,0,5.00
1059,212,12,0,12.00
1060,212,13,0,12.00
1061,213,8,11,2.00
1062,213,9,5,3.00
1063,213,10,1,5.00
1064,213,12,0,12.00
1065,213,13,0,12.00
1066,214,8,7,2.00
1067,214,9,13,3.00
1068,214,10,3,5.00
1069,214,12,0,12.00
1070,214,13,0,12.00
1071,215,8,10,2.00
1072,215,9,7,3.00
1073,215,10,0,5.00
1074,215,12,0,12.00
1075,215,13,0,12.00
1076,216,8,12,2.00
1077,216,9,8,3.00
1078,216,10,2,5.00
1079,216,12,0,12.00
1080,216,13,0,12.00
1081,217,8,3,2.00
1082,217,9,7,3.00
1083,217,10,4,5.00
1084,217,12,0,12.00
1085,217,13,0,12.00
1086,218,8,5,2.00
1087,218,9,7,3.00
1088,218,10,1,5.00
1089,218,12,0,12.00
1090,218,13,0,12.00
1091,219,8,9,2.00
1092,219,9,3,3.00
1093,219,10,0,5.00
1094,219,12,0,12.00
1095,219,13,0,12.00
1096,220,8,7,2.00
1097,220,9,12,3.00
1098,220,10,1,5.00
1099,220,12,0,12.00
1100,220,13,0,12.00
1101,221,8,18,2.00
1102,221,9,5,3.00
1103,221,10,2,5.00
1104,221,12,0,12.00
1105,221,13,0,12.00
1106,222,8,20,2.00
1107,222,9,18,3.00
1108,222,10,7,5.00
1109,222,12,0,12.00
1110,222,13,0,12.00
1111,223,8,10,2.00
1112,223,9,12,3.00
1113,223,10,5,5.00
1114,223,12,0,12.00
1115,223,13,0,12.00
1116,224,8,22,2.00
1117,224,9,2,3.00
1118,224,10,3,5.00
1119,224,12,0,12.00
1120,224,13,0,12.00
1121,225,8,18,2.00
1122,225,9,7,3.00
1123,225,10,4,5.00
1124,225,12,0,12.00
1125,225,13,1,12.00
1126,226,8,12,2.00
1127,226,9,3,3.00
1128,226,10,2,5.00
1129,226,12,0,12.00
1130,226,13,0,12.00
1131,227,8,9,2.00
1132,227,9,4,3.00
1133,227,10,1,5.00
1134,227,12,0,12.00
1135,227,13,0,12.00
1136,228,8,20,2.00
1137,228,9,3,3.00
1138,228,10,5,5.00
1139,228,12,0,12.00
1140,228,13,0,12.00
1141,229,8,7,2.00
1142,229,9,4,3.00
1143,229,10,2,5.00
1144,229,12,0,12.00
1145,229,13,0,12.00
1146,230,8,4,2.00
1147,230,9,5,3.00
1148,230,10,0,5.00
1149,230,12,0,12.00
1150,230,13,0,12.00
1151,231,8,9,2.00
1152,231,9,5,3.00
1153,231,10,3,5.00
1154,231,12,0,12.00
1155,231,13,0,12.00
1156,232,8,8,2.00
1157,232,9,4,3.00
1158,232,10,1,5.00
1159,232,12,0,12.00
1160,232,13,0,12.00
1161,233,8,18,2.00
1162,233,9,7,3.00
1163,233,10,2,5.00
1164,233,12,0,12.00
1165,233,13,0,12.00
1166,234,8,14,2.00
1167,234,9,9,3.00
1168,234,10,3,5.00
1169,234,12,0,12.00
1170,234,13,0,12.00
1171,235,8,17,2.00
1172,235,9,9,3.00
1173,235,10,4,5.00
1174,235,12,0,12.00
1175,235,13,0,12.00
1176,236,8,10,2.00
1177,236,9,7,3.00
1178,236,10,2,5.00
1179,236,12,0,12.00
1180,236,13,0,12.00
1181,237,8,16,2.00
1182,237,9,5,3.00
1183,237,10,0,5.00
1184,237,12,0,12.00
1185,237,13,0,12.00
1186,238,8,9,2.00
1187,238,9,7,3.00
1188,238,10,1,5.00
1189,238,12,0,12.00
1190,238,13,0,12.00
1191,239,8,22,2.00
1192,239,9,10,3.00
1193,239,10,0,5.00
1194,239,12,0,12.00
1195,239,13,0,12.00
1196,240,8,5,2.00
1197,240,9,5,3.00
1198,240,10,6,5.00
1199,240,12,0,12.00
1200,240,13,0,12.00
1201,241,8,27,2.00
1202,241,9,13,3.00
1203,241,10,12,5.00
1204,241,12,3,12.00
1205,241,13,0,12.00
1206,242,8,16,2.00
1207,242,9,5,3.00
1208,242,10,0,5.00
1209,242,12,1,12.00
1210,242,13,0,12.00
1211,243,8,29,2.00
1212,243,9,21,3.00
1213,243,10,4,5.00
1214,243,12,2,12.00
1215,243,13,1,12.00
1216,244,8,7,2.00
1217,244,9,12,3.00
1218,244,10,8,5.00
1219,244,12,1,12.00
1220,244,13,0,12.00
1221,245,8,3,2.00
1222,245,9,5,3.00
1223,245,10,1,5.00
1224,245,12,0,12.00
1225,245,13,0,12.00
1226,246,8,15,2.00
1227,246,9,7,3.00
1228,246,10,1,5.00
1229,246,12,0,12.00
1230,246,13,0,12.00
1231,247,8,15,2.00
1232,247,9,7,3.00
1233,247,10,4,5.00
1234,247,12,0,12.00
1235,247,13,0,12.00
1236,248,8,37,2.00
1237,248,9,31,3.00
1238,248,10,5,5.00
1239,248,12,0,12.00
1240,248,13,0,12.00
1241,249,8,55,2.00
1242,249,9,9,3.00
1243,249,10,0,5.00
1244,249,12,0,12.00
1245,249,13,0,12.00
1246,250,8,24,2.00
1247,250,9,15,3.00
1248,250,10,12,5.00
1249,250,12,3,12.00
1250,250,13,0,12.00
1251,251,8,37,2.00
1252,251,9,22,3.00
1253,251,10,11,5.00
1254,251,12,0,12.00
1255,251,13,0,12.00
1256,252,8,36,2.00
1257,252,9,11,3.00
1258,252,10,7,5.00
1259,252,12,2,12.00
1260,252,13,0,12.00
1261,253,8,46,2.00
1262,253,9,33,3.00
1263,253,10,19,5.00
1264,253,12,1,12.00
1265,253,13,0,12.00
1266,254,8,59,2.00
1267,254,9,18,3.00
1268,254,10,18,5.00
1269,254,12,4,12.00
1270,254,13,0,12.00
1271,255,8,19,2.00
1272,255,9,10,3.00
1273,255,10,10,5.00
1274,255,12,0,12.00
1275,255,13,2,12.00
1276,256,8,7,2.00
1277,256,9,12,3.00
1278,256,10,14,5.00
1279,256,12,1,12.00
1280,256,13,0,12.00
1281,257,8,1,2.00
1282,257,9,9,3.00
1283,257,10,6,5.00
1284,257,12,2,12.00
1285,257,13,0,12.00
1286,258,8,42,2.00
1287,258,9,13,3.00
1288,258,10,6,5.00
1289,258,12,2,12.00
1290,258,13,0,12.00
1291,259,8,19,2.00
1292,259,9,4,3.00
1293,259,10,5,5.00
1294,259,12,0,12.00
1295,259,13,0,12.00
1296,260,8,42,2.00
1297,260,9,30,3.00
1298,260,10,4,5.00
1299,260,12,1,12.00
1300,260,13,0,12.00
1301,261,8,57,2.00
1302,261,9,78,3.00
1303,261,10,7,5.00
1304,261,12,1,12.00
1305,261,13,0,12.00
1306,262,8,78,2.00
1307,262,9,113,3.00
1308,262,10,11,5.00
1309,262,12,1,12.00
1310,262,13,0,12.00
1311,263,8,12,2.00
1312,263,9,13,3.00
1313,263,10,6,5.00
1314,263,12,2,12.00
1315,263,13,0,12.00
1316,264,8,21,2.00
1317,264,9,14,3.00
1318,264,10,8,5.00
1319,264,12,2,12.00
1320,264,13,0,12.00
1321,265,8,81,2.00
1322,265,9,38,3.00
1323,265,10,17,5.00
1324,265,12,3,12.00
1325,265,13,0,12.00
1326,266,8,26,2.00
1327,266,9,7,3.00
1328,266,10,5,5.00
1329,266,12,0,12.00
1330,266,13,0,12.00
1331,267,8,0,2.00
1332,267,9,3,3.00
1333,267,10,6,5.00
1334,267,12,0,12.00
1335,267,13,0,12.00
1336,268,8,8,2.00
1337,268,9,17,3.00
1338,268,10,3,5.00
1339,268,12,3,12.00
1340,268,13,0,12.00
1341,269,8,17,2.00
1342,269,9,3,3.00
1343,269,10,1,5.00
1344,269,12,0,12.00
1345,269,13,0,12.00
1346,270,8,8,2.00
1347,270,9,6,3.00
1348,270,10,1,5.00
1349,270,12,0,12.00
1350,270,13,0,12.00
1351,271,8,75,2.00
1352,271,9,24,3.00
1353,271,10,17,5.00
1354,271,12,0,12.00
1355,271,13,0,12.00
1356,272,8,5,2.00
1357,272,9,12,3.00
1358,272,10,7,5.00
1359,272,12,0,12.00
1360,272,13,0,12.00
1361,273,8,21,2.00
1362,273,9,7,3.00
1363,273,10,3,5.00
1364,273,12,1,12.00
1365,273,13,0,12.00
1366,274,8,35,2.00
1367,274,9,17,3.00
1368,274,10,3,5.00
1369,274,12,0,12.00
1370,274,13,0,12.00
1371,275,8,56,2.00
1372,275,9,21,3.00
1373,275,10,12,5.00
1374,275,12,1,12.00
1375,275,13,0,12.00
1376,276,8,6,2.00
1377,276,9,5,3.00
1378,276,10,1,5.00
1379,276,12,1,12.00
1380,276,13,0,12.00
1381,277,8,12,2.00
1382,277,9,9,3.00
1383,277,10,3,5.00
1384,277,12,0,12.00
1385,277,13,0,12.00
1386,278,8,18,2.00
1387,278,9,56,3.00
1388,278,10,6,5.00
1389,278,12,3,12.00
1390,278,13,1,12.00
1391,279,8,27,2.00
1392,279,9,18,3.00
1393,279,10,3,5.00
1394,279,12,2,12.00
1395,279,13,0,12.00
1396,280,8,31,2.00
1397,280,9,9,3.00
1398,280,10,3,5.00
1399,280,12,0,12.00
1400,280,13,0,12.00
1401,281,8,6,2.00
1402,281,9,11,3.00
1403,281,10,3,5.00
1404,281,12,0,12.00
1405,281,13,0,12.00
1406,282,8,13,2.00
1407,282,9,11,3.00
1408,282,10,8,5.00
1409,282,12,0,12.00
1410,282,13,0,12.00
1411,283,8,26,2.00
1412,283,9,14,3.00
1413,283,10,3,5.00
1414,283,12,1,12.00
1415,283,13,0,12.00
1416,284,8,5,2.00
1417,284,9,7,3.00
1418,284,10,3,5.00
1419,284,12,3,12.00
1420,284,13,0,12.00
1421,285,8,16,2.00
1422,285,9,37,3.00
1423,285,10,15,5.00
1424,285,12,4,12.00
1425,285,13,0,12.00
1426,286,8,41,2.00
1427,286,9,18,3.00
1428,286,10,2,5.00
1429,286,12,2,12.00
1430,286,13,0,12.00
1431,287,8,53,2.00
1432,287,9,9,3.00
1433,287,10,11,5.00
1434,287,12,4,12.00
1435,287,13,0,12.00
1436,288,8,26,2.00
1437,288,9,22,3.00
1438,288,10,3,5.00
1439,288,12,1,12.00
1440,288,13,0,12.00
1441,289,8,36,2.00
1442,289,9,6,3.00
1443,289,10,5,5.00
1444,289,12,0,12.00
1445,289,13,0,12.00
1446,290,8,7,2.00
1447,290,9,6,3.00
1448,290,10,0,5.00
1449,290,12,0,12.00
1450,290,13,0,12.00
1451,291,8,0,2.00
1452,291,9,0,3.00
1453,291,10,0,5.00
1454,291,12,0,12.00
1455,291,13,0,12.00
1456,292,8,10,2.00
1457,292,9,7,3.00
1458,292,10,11,5.00
1459,292,12,0,12.00
1460,292,13,0,12.00
1461,293,8,13,2.00
1462,293,9,11,3.00
1463,293,10,1,5.00
1464,293,12,0,12.00
1465,293,13,0,12.00
1466,294,8,0,2.00
1467,294,9,0,3.00
1468,294,10,0,5.00
1469,294,12,0,12.00
1470,294,13,0,12.00
1471,295,8,122,2.00
1472,295,9,47,3.00
1473,295,10,7,5.00
1474,295,12,0,12.00
1475,295,13,0,12.00
1476,296,8,17,2.00
1477,296,9,12,3.00
1478,296,10,3,5.00
1479,296,12,0,12.00
1480,296,13,0,12.00
1481,297,8,15,2.00
1482,297,9,3,3.00
1483,297,10,0,5.00
1484,297,12,0,12.00
1485,297,13,0,12.00
1486,298,8,13,2.00
1487,298,9,2,3.00
1488,298,10,1,5.00
1489,298,12,0,12.00
1490,298,13,0,12.00
1491,299,8,29,2.00
1492,299,9,36,3.00
1493,299,10,7,5.00
1494,299,12,1,12.00
1495,299,13,0,12.00
1496,300,8,11,2.00
1497,300,9,17,3.00
1498,300,10,0,5.00
1499,300,12,0,12.00
1500,300,13,0,12.00
1501,301,8,0,2.00
1502,301,9,0,3.00
1503,301,10,0,5.00
1504,301,12,0,12.00
1505,301,13,0,12.00
1506,302,8,22,2.00
1507,302,9,17,3.00
1508,302,10,4,5.00
1509,302,12,0,12.00
1510,302,13,0,12.00
1511,303,8,42,2.00
1512,303,9,55,3.00
1513,303,10,3,5.00
1514,303,12,0,12.00
1515,303,13,0,12.00
1516,304,8,17,2.00
1517,304,9,8,3.00
1518,304,10,5,5.00
1519,304,12,0,12.00
1520,304,13,0,12.00
1521,305,8,0,2.00
1522,305,9,7,3.00
1523,305,10,0,5.00
1524,305,12,0,12.00
1525,305,13,0,12.00
1526,306,8,0,2.00
1527,306,9,0,3.00
1528,306,10,0,5.00
1529,306,12,0,12.00
1530,306,13,0,12.00
1531,307,8,29,2.00
1532,307,9,41,3.00
1533,307,10,0,5.00
1534,307,12,0,12.00
1535,307,13,0,12.00
1536,308,8,13,2.00
1537,308,9,13,3.00
1538,308,10,2,5.00
1539,308,12,0,12.00
1540,308,13,0,12.00
1541,309,8,33,2.00
1542,309,9,18,3.00
1543,309,10,9,5.00
1544,309,12,0,12.00
1545,309,13,0,12.00
1546,310,8,16,2.00
1547,310,9,11,3.00
1548,310,10,4,5.00
1549,310,12,0,12.00
1550,310,13,0,12.00
1551,311,8,17,2.00
1552,311,9,8,3.00
1553,311,10,5,5.00
1554,311,12,0,12.00
1555,311,13,0,12.00
1556,312,8,9,2.00
1557,312,9,12,3.00
1558,312,10,5,5.00
1559,312,12,0,12.00
1560,312,13,0,12.00
1561,313,8,44,2.00
1562,313,9,13,3.00
1563,313,10,3,5.00
1564,313,12,0,12.00
1565,313,13,0,12.00
1566,314,8,12,2.00
1567,314,9,7,3.00
1568,314,10,3,5.00
1569,314,12,0,12.00
1570,314,13,0,12.00
1571,315,8,11,2.00
1572,315,9,9,3.00
1573,315,10,1,5.00
1574,315,12,0,12.00
1575,315,13,0,12.00
1576,316,8,15,2.00
1577,316,9,6,3.00
1578,316,10,12,5.00
1579,316,12,0,12.00
1580,316,13,3,12.00
1581,317,8,7,2.00
1582,317,9,5,3.00
1583,317,10,0,5.00
1584,317,12,1,12.00
1585,317,13,1,12.00
1586,318,8,6,2.00
1587,318,9,3,3.00
1588,318,10,1,5.00
1589,318,12,0,12.00
1590,318,13,0,12.00
1591,319,8,4,2.00
1592,319,9,5,3.00
1593,319,10,3,5.00
1594,319,12,0,12.00
1595,319,13,0,12.00
1596,320,8,7,2.00
1597,320,9,4,3.00
1598,320,10,2,5.00
1599,320,12,0,12.00
1600,320,13,0,12.00
1601,321,8,58,2.00
1602,321,9,29,3.00
1603,321,10,8,5.00
1604,321,12,0,12.00
1605,321,13,0,12.00
1606,322,8,46,2.00
1607,322,9,16,3.00
1608,322,10,1,5.00
1609,322,12,0,12.00
1610,322,13,0,12.00
1611,323,8,17,2.00
1612,323,9,9,3.00
1613,323,10,5,5.00
1614,323,12,0,12.00
1615,323,13,0,12.00
1616,324,8,19,2.00
1617,324,9,13,3.00
1618,324,10,2,5.00
1619,324,12,0,12.00
1620,324,13,0,12.00
1621,325,8,34,2.00
1622,325,9,5,3.00
1623,325,10,1,5.00
1624,325,12,0,12.00
1625,325,13,0,12.00
1626,326,8,8,2.00
1627,326,9,6,3.00
1628,326,10,0,5.00
1629,326,12,0,12.00
1630,326,13,0,12.00
1631,327,8,12,2.00
1632,327,9,4,3.00
1633,327,10,0,5.00
1634,327,12,0,12.00
1635,327,13,0,12.00
1636,328,8,3,2.00
1637,328,9,11,3.00
1638,328,10,0,5.00
1639,328,12,0,12.00
1640,328,13,0,12.00
1641,329,8,23,2.00
1642,329,9,11,3.00
1643,329,10,3,5.00
1644,329,12,0,12.00
1645,329,13,0,12.00
1646,330,8,12,2.00
1647,330,9,9,3.00
1648,330,10,2,5.00
1649,330,12,0,12.00
1650,330,13,0,12.00
1651,331,8,18,2.00
1652,331,9,14,3.00
1653,331,10,2,5.00
1654,331,12,0,12.00
1655,331,13,0,12.00
1656,332,8,21,2.00
1657,332,9,11,3.00
1658,332,10,6,5.00
1659,332,12,0,12.00
1660,332,13,0,12.00
1661,333,8,24,2.00
1662,333,9,12,3.00
1663,333,10,3,5.00
1664,333,12,0,12.00
1665,333,13,0,12.00
1666,334,8,17,2.00
1667,334,9,5,3.00
1668,334,10,4,5.00
1669,334,12,0,12.00
1670,334,13,0,12.00
1671,335,8,8,2.00
1672,335,9,10,3.00
1673,335,10,4,5.00
1674,335,12,0,12.00
1675,335,13,0,12.00
1676,336,8,22,2.00
1677,336,9,5,3.00
1678,336,10,9,5.00
1679,336,12,0,12.00
1680,336,13,0,12.00
1681,337,8,26,2.00
1682,337,9,11,3.00
1683,337,10,2,5.00
1684,337,12,0,12.00
1685,337,13,0,12.00
1686,338,8,18,2.00
1687,338,9,7,3.00
1688,338,10,6,5.00
1689,338,12,0,12.00
1690,338,13,1,12.00
1691,339,8,12,2.00
1692,339,9,15,3.00
1693,339,10,5,5.00
1694,339,12,0,12.00
1695,339,13,0,12.00
1696,340,8,14,2.00
1697,340,9,7,3.00
1698,340,10,2,5.00
1699,340,12,0,12.00
1700,340,13,0,12.00
1701,341,8,11,2.00
1702,341,9,17,3.00
1703,341,10,4,5.00
1704,341,12,0,12.00
1705,341,13,0,12.00
1706,342,8,12,2.00
1707,342,9,13,3.00
1708,342,10,5,5.00
1709,342,12,0,12.00
1710,342,13,0,12.00
1711,343,8,18,2.00
1712,343,9,10,3.00
1713,343,10,8,5.00
1714,343,12,0,12.00
1715,343,13,0,12.00
1716,344,8,11,2.00
1717,344,9,12,3.00
1718,344,10,2,5.00
1719,344,12,0,12.00
1720,344,13,0,12.00
1721,345,8,18,2.00
1722,345,9,20,3.00
1723,345,10,3,5.00
1724,345,12,0,12.00
1725,345,13,0,12.00
1726,346,8,11,2.00
1727,346,9,19,3.00
1728,346,10,1,5.00
1729,346,12,0,12.00
1730,346,13,0,12.00
1731,347,8,16,2.00
1732,347,9,11,3.00
1733,347,10,3,5.00
1734,347,12,0,12.00
1735,347,13,0,12.00
1736,348,8,13,2.00
1737,348,9,19,3.00
1738,348,10,4,5.00
1739,348,12,0,12.00
1740,348,13,1,12.00
1741,349,8,6,2.00
1742,349,9,3,3.00
1743,349,10,0,5.00
1744,349,12,0,12.00
1745,349,13,0,12.00
1746,350,8,19,2.00
1747,350,9,5,3.00
1748,350,10,2,5.00
1749,350,12,0,12.00
1750,350,13,0,12.00
1751,351,8,10,2.00
1752,351,9,5,3.00
1753,351,10,0,5.00
1754,351,12,0,12.00
1755,351,13,0,12.00
1756,352,8,14,2.00
1757,352,9,3,3.00
1758,352,10,0,5.00
1759,352,12,0,12.00
1760,352,13,0,12.00
1761,353,8,6,2.00
1762,353,9,4,3.00
1763,353,10,3,5.00
1764,353,12,0,12.00
1765,353,13,0,12.00
1766,354,8,5,2.00
1767,354,9,2,3.00
1768,354,10,0,5.00
1769,354,12,0,12.00
1770,354,13,1,12.00
1771,355,8,11,2.00
1772,355,9,8,3.00
1773,355,10,6,5.00
1774,355,12,0,12.00
1775,355,13,1,12.00
1776,356,8,7,2.00
1777,356,9,8,3.00
1778,356,10,1,5.00
1779,356,12,0,12.00
1780,356,13,0,12.00
1781,357,8,7,2.00
1782,357,9,5,3.00
1783,357,10,2,5.00
1784,357,12,0,12.00
1785,357,13,0,12.00
1786,358,8,5,2.00
1787,358,9,6,3.00
1788,358,10,0,5.00
1789,358,12,0,12.00
1790,358,13,0,12.00
1791,359,8,9,2.00
1792,359,9,13,3.00
1793,359,10,0,5.00
1794,359,12,0,12.00
1795,359,13,0,12.00
1796,360,8,6,2.00
1797,360,9,7,3.00
1798,360,10,0,5.00
1799,360,12,0,12.00
1800,360,13,0,12.00
1801,361,8,13,2.00
1802,361,9,7,3.00
1803,361,10,4,5.00
1804,361,12,0,12.00
1805,361,13,0,12.00
1806,362,8,21,2.00
1807,362,9,29,3.00
1808,362,10,14,5.00
1809,362,12,0,12.00
1810,362,13,0,12.00
1811,363,8,27,2.00
1812,363,9,18,3.00
1813,363,10,11,5.00
1814,363,12,0,12.00
1815,363,13,0,12.00
1816,364,8,7,2.00
1817,364,9,14,3.00
1818,364,10,9,5.00
1819,364,12,0,12.00
1820,364,13,0,12.00
1821,365,8,19,2.00
1822,365,9,14,3.00
1823,365,10,0,5.00
1824,365,12,0,12.00
1825,365,13,0,12.00
1826,366,8,7,2.00
1827,366,9,4,3.00
1828,366,10,5,5.00
1829,366,12,0,12.00
1830,366,13,0,12.00
1831,367,8,48,2.00
1832,367,9,19,3.00
1833,367,10,5,5.00
1834,367,12,0,12.00
1835,367,13,1,12.00
1836,368,8,13,2.00
1837,368,9,9,3.00
1838,368,10,4,5.00
1839,368,12,0,12.00
1840,368,13,0,12.00
1841,369,8,18,2.00
1842,369,9,14,3.00
1843,369,10,5,5.00
1844,369,12,0,12.00
1845,369,13,0,12.00
1846,370,8,16,2.00
1847,370,9,8,3.00
1848,370,10,6,5.00
1849,370,12,0,12.00
1850,370,13,0,12.00
1851,371,8,13,2.00
1852,371,9,26,3.00
1853,371,10,6,5.00
1854,371,12,0,12.00
1855,371,13,3,12.00
1856,372,8,16,2.00
1857,372,9,8,3.00
1858,372,10,5,5.00
1859,372,12,0,12.00
1860,372,13,1,12.00
1861,373,8,15,2.00
1862,373,9,6,3.00
1863,373,10,8,5.00
1864,373,12,0,12.00
1865,373,13,0,12.00
1866,374,8,14,2.00
1867,374,9,12,3.00
1868,374,10,3,5.00
1869,374,12,0,12.00
1870,374,13,0,12.00
1871,375,8,12,2.00
1872,375,9,5,3.00
1873,375,10,1,5.00
1874,375,12,0,12.00
1875,375,13,0,12.00
1876,376,8,18,2.00
1877,376,9,22,3.00
1878,376,10,3,5.00
1879,376,12,0,12.00
1880,376,13,2,12.00
1881,377,8,3,2.00
1882,377,9,8,3.00
1883,377,10,2,5.00
1884,377,12,0,12.00
1885,377,13,0,12.00
1886,378,8,17,2.00
1887,378,9,24,3.00
1888,378,10,3,5.00
1889,378,12,0,12.00
1890,378,13,0,12.00
1891,379,8,13,2.00
1892,379,9,11,3.00
1893,379,10,5,5.00
1894,379,12,0,12.00
1895,379,13,3,12.00
1896,380,8,9,2.00
1897,380,9,12,3.00
1898,380,10,3,5.00
1899,380,12,0,12.00
1900,380,13,1,12.00
1901,381,8,8,2.00
1902,381,9,3,3.00
1903,381,10,1,5.00
1904,381,12,0,12.00
1905,381,13,0,12.00
1906,382,8,9,2.00
1907,382,9,5,3.00
1908,382,10,1,5.00
1909,382,12,0,12.00
1910,382,13,0,12.00
1911,383,8,4,2.00
1912,383,9,6,3.00
1913,383,10,1,5.00
1914,383,12,0,12.00
1915,383,13,0,12.00
1916,384,8,11,2.00
1917,384,9,2,3.00
1918,384,10,0,5.00
1919,384,12,0,12.00
1920,384,13,0,12.00
1921,385,8,8,2.00
1922,385,9,4,3.00
1923,385,10,0,5.00
1924,385,12,0,12.00
1925,385,13,0,12.00
1926,386,8,12,2.00
1927,386,9,7,3.00
1928,386,10,0,5.00
1929,386,12,0,12.00
1930,386,13,0,12.00
1931,387,8,7,2.00
1932,387,9,5,3.00
1933,387,10,0,5.00
1934,387,12,0,12.00
1935,387,13,0,12.00
1936,388,8,9,2.00
1937,388,9,4,3.00
1938,388,10,0,5.00
1939,388,12,0,12.00
1940,388,13,0,12.00
1941,389,8,9,2.00
1942,389,9,6,3.00
1943,389,10,0,5.00
1944,389,12,0,12.00
1945,389,13,0,12.00
1946,390,8,4,2.00
1947,390,9,5,3.00
1948,390,10,0,5.00
1949,390,12,0,12.00
1950,390,13,0,12.00
1951,391,8,12,2.00
1952,391,9,7,3.00
1953,391,10,0,5.00
1954,391,12,0,12.00
1955,391,13,0,12.00
1956,392,8,5,2.00
1957,392,9,6,3.00
1958,392,10,0,5.00
1959,392,12,0,12.00
1960,392,13,0,12.00
1961,393,8,6,2.00
1962,393,9,3,3.00
1963,393,10,1,5.00
1964,393,12,0,12.00
1965,393,13,0,12.00
1966,394,8,5,2.00
1967,394,9,7,3.00
1968,394,10,2,5.00
1969,394,12,0,12.00
1970,394,13,0,12.00
1971,395,8,8,2.00
1972,395,9,16,3.00
1973,395,10,3,5.00
1974,395,12,0,12.00
1975,395,13,0,12.00
1976,396,8,7,2.00
1977,396,9,4,3.00
1978,396,10,3,5.00
1979,396,12,0,12.00
1980,396,13,0,12.00
1981,397,8,0,2.00
1982,397,9,0,3.00
1983,397,10,0,5.00
1984,397,12,1,12.00
1985,397,13,0,12.00
1986,398,8,0,2.00
1987,398,9,0,3.00
1988,398,10,0,5.00
1989,398,12,0,12.00
1990,398,13,1,12.00
1991,399,8,0,2.00
1992,399,9,0,3.00
1993,399,10,0,5.00
1994,399,12,0,12.00
1995,399,13,0,12.00
1996,400,8,28,2.00
1997,400,9,35,3.00
1998,400,10,6,5.00
1999,400,12,2,12.00
2000,400,13,2,12.00
2001,401,8,0,2.00
2002,401,9,17,3.00
2003,401,10,5,5.00
2004,401,12,2,12.00
2005,401,13,1,12.00
2006,402,8,0,2.00
2007,402,9,17,3.00
2008,402,10,17,5.00
2009,402,12,2,12.00
2010,402,13,2,12.00
2011,403,8,30,2.00
2012,403,9,42,3.00
2013,403,10,22,5.00
2014,403,12,2,12.00
2015,403,13,2,12.00
2016,404,8,0,2.00
2017,404,9,0,3.00
2018,404,10,22,5.00
2019,404,12,2,12.00
2020,404,13,3,12.00
2021,405,8,0,2.00
2022,405,9,0,3.00
2023,405,10,0,5.00
2024,405,12,0,12.00
2025,405,13,1,12.00
2026,406,8,0,2.00
2027,406,9,0,3.00
2028,406,10,0,5.00
2029,406,12,0,12.00
2030,406,13,0,12.00
2031,407,8,0,2.00
2032,407,9,0,3.00
2033,407,10,0,5.00
2034,407,12,2,12.00
2035,407,13,0,12.00
2036,408,8,0,2.00
2037,408,9,0,3.00
2038,408,10,0,5.00
2039,408,12,0,12.00
2040,408,13,0,12.00
2041,409,8,0,2.00
2042,409,9,0,3.00
2043,409,10,0,5.00
2044,409,12,2,12.00
2045,409,13,2,12.00
2046,410,8,0,2.00
2047,410,9,0,3.00
2048,410,10,0,5.00
2049,410,12,0,12.00
2050,410,13,0,12.00
2051,411,8,0,2.00
2052,411,9,0,3.00
2053,411,10,0,5.00
2054,411,12,0,12.00
2055,411,13,0,12.00
2056,412,8,0,2.00
2057,412,9,0,3.00
2058,412,10,0,5.00
2059,412,12,1,12.00
2060,412,13,0,12.00
2061,413,8,0,2.00
2062,413,9,0,3.00
2063,413,10,0,5.00
2064,413,12,0,12.00
2065,413,13,0,12.00
2066,414,8,0,2.00
2067,414,9,0,3.00
2068,414,10,0,5.00
2069,414,12,0,12.00
2070,414,13,0,12.00
2071,415,8,0,2.00
2072,415,9,0,3.00
2073,415,10,0,5.00
2074,415,12,0,12.00
2075,415,13,0,12.00
2076,416,8,0,2.00
2077,416,9,0,3.00
2078,416,10,0,5.00
2079,416,12,0,12.00
2080,416,13,0,12.00
2081,417,8,0,2.00
2082,417,9,0,3.00
2083,417,10,0,5.00
2084,417,12,0,12.00
2085,417,13,0,12.00
2086,418,8,0,2.00
2087,418,9,0,3.00
2088,418,10,0,5.00
2089,418,12,0,12.00
2090,418,13,0,12.00
2091,419,8,0,2.00
2092,419,9,0,3.00
2093,419,10,0,5.00
2094,419,12,0,12.00
2095,419,13,0,12.00
2096,420,8,0,2.00
2097,420,9,0,3.00
2098,420,10,0,5.00
2099,420,12,0,12.00
2100,420,13,1,12.00
2101,421,8,0,2.00
2102,421,9,0,3.00
2103,421,10,0,5.00
2104,421,12,0,12.00
2105,421,13,0,12.00
2106,422,8,0,2.00
2107,422,9,0,3.00
2108,422,10,0,5.00
2109,422,12,0,12.00
2110,422,13,0,12.00
2111,423,8,0,2.00
2112,423,9,0,3.00
2113,423,10,0,5.00
2114,423,12,0,12.00
2115,423,13,0,12.00
2116,424,8,0,2.00
2117,424,9,0,3.00
2118,424,10,0,5.00
2119,424,12,0,12.00
2120,424,13,0,12.00
2121,425,8,0,2.00
2122,425,9,0,3.00
2123,425,10,0,5.00
2124,425,12,0,12.00
2125,425,13,0,12.00
2126,426,8,0,2.00
2127,426,9,0,3.00
2128,426,10,0,5.00
2129,426,12,1,12.00
2130,426,13,0,12.00
2131,427,8,0,2.00
2132,427,9,0,3.00
2133,427,10,0,5.00
2134,427,12,0,12.00
2135,427,13,0,12.00
2136,428,8,0,2.00
2137,428,9,0,3.00
2138,428,10,0,5.00
2139,428,12,0,12.00
2140,428,13,0,12.00
2141,429,8,0,2.00
2142,429,9,0,3.00
2143,429,10,0,5.00
2144,429,12,0,12.00
2145,429,13,1,12.00
2146,430,8,0,2.00
2147,430,9,0,3.00
2148,430,10,0,5.00
2149,430,12,0,12.00
2150,430,13,0,12.00
2151,431,8,0,2.00
2152,431,9,0,3.00
2153,431,10,0,5.00
2154,431,12,0,12.00
2155,431,13,0,12.00
2156,432,8,0,2.00
2157,432,9,0,3.00
2158,432,10,0,5.00
2159,432,12,0,12.00
2160,432,13,0,12.00
2161,433,8,0,2.00
2162,433,9,0,3.00
2163,433,10,0,5.00
2164,433,12,1,12.00
2165,433,13,1,12.00
2166,434,8,0,2.00
2167,434,9,0,3.00
2168,434,10,17,5.00
2169,434,12,2,12.00
2170,434,13,1,12.00
2171,435,8,0,2.00
2172,435,9,0,3.00
2173,435,10,0,5.00
2174,435,12,0,12.00
2175,435,13,3,12.00
2176,436,8,0,2.00
2177,436,9,0,3.00
2178,436,10,0,5.00
2179,436,12,0,12.00
2180,436,13,1,12.00
2181,437,8,0,2.00
2182,437,9,0,3.00
2183,437,10,0,5.00
2184,437,12,0,12.00
2185,437,13,1,12.00
2186,438,8,0,2.00
2187,438,9,0,3.00
2188,438,10,0,5.00
2189,438,12,1,12.00
2190,438,13,0,12.00
2191,439,8,0,2.00
2192,439,9,0,3.00
2193,439,10,0,5.00
2194,439,12,0,12.00
2195,439,13,1,12.00
2196,440,8,0,2.00
2197,440,9,0,3.00
2198,440,10,0,5.00
2199,440,12,0,12.00
2200,440,13,1,12.00
2201,441,8,17,2.00
2202,441,9,17,3.00
2203,441,10,35,5.00
2204,441,12,2,12.00
2205,441,13,2,12.00
2206,442,8,0,2.00
2207,442,9,0,3.00
2208,442,10,0,5.00
2209,442,12,1,12.00
2210,442,13,5,12.00
2211,443,8,0,2.00
2212,443,9,0,3.00
2213,443,10,8,5.00
2214,443,12,2,12.00
2215,443,13,2,12.00
2216,444,8,0,2.00
2217,444,9,0,3.00
2218,444,10,0,5.00
2219,444,12,1,12.00
2220,444,13,3,12.00
2221,445,8,0,2.00
2222,445,9,0,3.00
2223,445,10,0,5.00
2224,445,12,1,12.00
2225,445,13,1,12.00
2226,446,8,0,2.00
2227,446,9,0,3.00
2228,446,10,0,5.00
2229,446,12,0,12.00
2230,446,13,0,12.00
2231,447,8,23,2.00
2232,447,9,17,3.00
2233,447,10,15,5.00
2234,447,12,2,12.00
2235,447,13,1,12.00
2236,448,8,0,2.00
2237,448,9,0,3.00
2238,448,10,0,5.00
2239,448,12,0,12.00
2240,448,13,0,12.00
2241,449,8,0,2.00
2242,449,9,0,3.00
2243,449,10,0,5.00
2244,449,12,0,12.00
2245,449,13,0,12.00
2246,450,8,0,2.00
2247,450,9,0,3.00
2248,450,10,0,5.00
2249,450,12,0,12.00
2250,450,13,2,12.00
2251,451,8,0,2.00
2252,451,9,0,3.00
2253,451,10,0,5.00
2254,451,12,0,12.00
2255,451,13,0,12.00
2256,452,8,0,2.00
2257,452,9,0,3.00
2258,452,10,0,5.00
2259,452,12,0,12.00
2260,452,13,0,12.00
2261,453,8,0,2.00
2262,453,9,0,3.00
2263,453,10,0,5.00
2264,453,12,0,12.00
2265,453,13,0,12.00
2266,454,8,0,2.00
2267,454,9,0,3.00
2268,454,10,0,5.00
2269,454,12,0,12.00
2270,454,13,2,12.00
2271,455,8,0,2.00
2272,455,9,0,3.00
2273,455,10,0,5.00
2274,455,12,0,12.00
2275,455,13,0,12.00
2276,456,8,0,2.00
2277,456,9,0,3.00
2278,456,10,0,5.00
2279,456,12,0,12.00
2280,456,13,2,12.00
2281,457,8,0,2.00
2282,457,9,0,3.00
2283,457,10,0,5.00
2284,457,12,0,12.00
2285,457,13,0,12.00
2286,458,8,0,2.00
2287,458,9,0,3.00
2288,458,10,0,5.00
2289,458,12,0,12.00
2290,458,13,0,12.00
2291,459,8,0,2.00
2292,459,9,0,3.00
2293,459,10,0,5.00
2294,459,12,0,12.00
2295,459,13,1,12.00
2296,460,8,0,2.00
2297,460,9,0,3.00
2298,460,10,0,5.00
2299,460,12,0,12.00
2300,460,13,1,12.00
2301,461,8,0,2.00
2302,461,9,0,3.00
2303,461,10,0,5.00
2304,461,12,0,12.00
2305,461,13,0,12.00
2306,462,8,0,2.00
2307,462,9,0,3.00
2308,462,10,0,5.00
2309,462,12,0,12.00
2310,462,13,0,12.00
2311,463,8,0,2.00
2312,463,9,0,3.00
2313,463,10,0,5.00
2314,463,12,1,12.00
2315,463,13,0,12.00
2316,464,8,0,2.00
2317,464,9,0,3.00
2318,464,10,0,5.00
2319,464,12,0,12.00
2320,464,13,1,12.00
2321,465,8,0,2.00
2322,465,9,0,3.00
2323,465,10,0,5.00
2324,465,12,0,12.00
2325,465,13,2,12.00
2326,466,8,0,2.00
2327,466,9,0,3.00
2328,466,10,0,5.00
2329,466,12,0,12.00
2330,466,13,1,12.00
2331,467,8,0,2.00
2332,467,9,0,3.00
2333,467,10,0,5.00
2334,467,12,0,12.00
2335,467,13,3,12.00
2336,468,8,0,2.00
2337,468,9,0,3.00
2338,468,10,0,5.00
2339,468,12,0,12.00
2340,468,13,0,12.00
2341,469,8,0,2.00
2342,469,9,0,3.00
2343,469,10,0,5.00
2344,469,12,0,12.00
2345,469,13,1,12.00
2346,470,8,0,2.00
2347,470,9,0,3.00
2348,470,10,0,5.00
2349,470,12,0,12.00
2350,470,13,2,12.00
2351,471,8,0,2.00
2352,471,9,0,3.00
2353,471,10,0,5.00
2354,471,12,0,12.00
2355,471,13,2,12.00
2356,472,8,0,2.00
2357,472,9,0,3.00
2358,472,10,0,5.00
2359,472,12,0,12.00
2360,472,13,0,12.00
2361,473,8,0,2.00
2362,473,9,0,3.00
2363,473,10,0,5.00
2364,473,12,0,12.00
2365,473,13,0,12.00
2366,474,8,0,2.00
2367,474,9,0,3.00
2368,474,10,0,5.00
2369,474,12,0,12.00
2370,474,13,0,12.00
2371,475,8,0,2.00
2372,475,9,0,3.00
2373,475,10,0,5.00
2374,475,12,0,12.00
2375,475,13,0,12.00
2376,476,8,0,2.00
2377,476,9,0,3.00
2378,476,10,0,5.00
2379,476,12,0,12.00
2380,476,13,0,12.00
2381,477,8,0,2.00
2382,477,9,0,3.00
2383,477,10,0,5.00
2384,477,12,0,12.00
2385,477,13,1,12.00
2386,478,8,0,2.00
2387,478,9,0,3.00
2388,478,10,0,5.00
2389,478,12,0,12.00
2390,478,13,0,12.00
2391,479,8,0,2.00
2392,479,9,0,3.00
2393,479,10,0,5.00
2394,479,12,0,12.00
2395,479,13,4,12.00
2396,480,8,0,2.00
2397,480,9,0,3.00
2398,480,10,0,5.00
2399,480,12,0,12.00
2400,480,13,0,12.00
2401,481,8,0,2.00
2402,481,9,0,3.00
2403,481,10,0,5.00
2404,481,12,1,12.00
2405,481,13,0,12.00
2406,482,8,0,2.00
2407,482,9,0,3.00
2408,482,10,0,5.00
2409,482,12,0,12.00
2410,482,13,1,12.00
2411,483,8,0,2.00
2412,483,9,0,3.00
2413,483,10,0,5.00
2414,483,12,0,12.00
2415,483,13,0,12.00
2416,484,8,0,2.00
2417,484,9,0,3.00
2418,484,10,0,5.00
2419,484,12,0,12.00
2420,484,13,0,12.00
2421,485,8,0,2.00
2422,485,9,0,3.00
2423,485,10,0,5.00
2424,485,12,0,12.00
2425,485,13,0,12.00
2426,486,8,0,2.00
2427,486,9,0,3.00
2428,486,10,0,5.00
2429,486,12,0,12.00
2430,486,13,0,12.00
2431,487,8,0,2.00
2432,487,9,0,3.00
2433,487,10,0,5.00
2434,487,12,0,12.00
2435,487,13,0,12.00
2436,488,8,0,2.00
2437,488,9,0,3.00
2438,488,10,0,5.00
2439,488,12,0,12.00
2440,488,13,0,12.00
2441,489,8,0,2.00
2442,489,9,0,3.00
2443,489,10,0,5.00
2444,489,12,0,12.00
2445,489,13,0,12.00
2446,490,8,0,2.00
2447,490,9,0,3.00
2448,490,10,0,5.00
2449,490,12,0,12.00
2450,490,13,0,12.00
2451,491,8,0,2.00
2452,491,9,0,3.00
2453,491,10,0,5.00
2454,491,12,0,12.00
2455,491,13,0,12.00
2456,492,8,0,2.00
2457,492,9,0,3.00
2458,492,10,0,5.00
2459,492,12,0,12.00
2460,492,13,1,12.00
