"ID","SUBPID","TREEN","SPECID","DBH","DBASE","STATID","HGT","DEADBREAK_HGT","BA","SGID","NOTES"
21827,648,1,16,11.50,,1,,,0.01,23,
21828,648,2,22,41.00,,1,,,0.13,82,
21829,648,3,22,29.80,,4,,1.37,0.06,82,
21830,648,4,22,29.60,,1,,,0.06,82,
21831,648,5,16,8.00,,1,,,5.02656e-03,23,
21832,648,6,16,13.00,,1,,,0.01,23,
21833,648,7,16,11.00,,1,,,9.50334e-03,23,
21834,648,8,16,10.50,,1,,,8.659035e-03,23,
21835,648,9,16,10.20,,1,,,8.1713016e-03,23,
21836,648,10,16,9.80,,1,,,7.5429816e-03,23,
21837,648,11,16,8.70,,1,,,5.9446926e-03,23,
21838,648,12,16,15.00,,1,,,0.01,23,
21839,648,13,16,9.60,,1,,,7.2382464e-03,23,
21840,648,14,16,12.00,,1,,,0.01,23,
21841,648,15,16,7.10,,1,,,3.9592014e-03,23,
21842,648,16,16,8.60,,1,,,5.8088184e-03,23,
21843,648,17,16,5.30,,1,,,2.2061886e-03,23,
21844,648,18,16,6.80,,1,,,3.6316896e-03,23,
21845,648,19,16,7.00,,1,,,3.84846e-03,23,
21846,648,20,16,7.00,,4,,1.37,3.84846e-03,23,
21847,648,21,16,6.90,,1,,,3.7392894e-03,23,
21848,648,22,16,8.60,,1,,,5.8088184e-03,23,
21849,648,23,16,6.10,,1,,,2.9224734e-03,23,
21850,648,24,16,6.00,,1,,,2.82744e-03,23,
21851,648,25,16,6.00,,3,,,2.82744e-03,23,
21852,648,26,16,7.40,,1,,,4.3008504e-03,23,
21853,648,27,16,5.10,,1,,,2.0428254e-03,23,
21854,648,28,16,6.30,,1,,,3.1172526e-03,23,
21855,648,29,16,7.30,,1,,,4.1853966e-03,23,
21856,649,1,16,12.70,,1,,,0.01,23,
21857,649,2,16,6.00,,1,,,2.82744e-03,23,
21858,649,3,16,9.80,,1,,,7.5429816e-03,23,
21859,649,4,16,7.70,,1,,,4.6566366e-03,23,
21860,649,5,16,7.50,,1,,,4.417875e-03,23,
21861,649,6,16,7.30,,1,,,4.1853966e-03,23,
21862,649,7,16,7.20,,1,,,4.0715136e-03,23,
21863,649,8,16,6.30,,1,,,3.1172526e-03,23,
21864,649,9,16,10.60,,1,,,8.8247544e-03,23,
21865,649,10,16,11.00,,1,,,9.50334e-03,23,
21866,649,11,16,6.50,,1,,,3.318315e-03,23,
21867,649,12,16,9.70,,4,,1.37,7.3898286e-03,23,
21868,649,13,16,14.80,,1,,,0.01,23,
21869,649,14,16,12.80,,1,,,0.01,23,
21870,649,15,16,12.00,,1,,,0.01,23,
21871,649,16,16,12.00,,1,,,0.01,23,
21872,649,17,16,8.00,,1,,,5.02656e-03,23,
21873,649,18,16,11.60,,1,,,0.01,23,
21874,649,19,16,8.00,,1,,,5.02656e-03,23,
21875,649,20,16,10.80,,1,,,9.1609056e-03,23,
21876,649,21,16,10.70,,1,,,8.9920446e-03,23,
21877,649,22,16,13.40,,1,,,0.01,23,
21878,649,23,16,12.00,,1,,,0.01,23,
21879,649,24,16,8.30,,2,,,5.4106206e-03,23,
21880,649,25,16,7.20,,1,,,4.0715136e-03,23,
21881,649,26,16,8.00,,3,,,5.02656e-03,23,
21882,649,27,16,5.90,,3,,,2.7339774e-03,23,
21883,649,28,16,8.40,,1,,,5.5417824e-03,23,
21884,649,29,16,8.50,,1,,,5.674515e-03,23,
21885,649,30,16,8.70,,1,,,5.9446926e-03,23,
21886,649,31,16,9.00,,1,,,6.36174e-03,23,
21887,649,32,16,10.50,,4,,1.37,8.659035e-03,23,
21888,649,33,16,9.50,,1,,,7.088235e-03,23,
21889,649,34,16,8.00,,2,,,5.02656e-03,23,
21890,649,35,16,9.80,,1,,,7.5429816e-03,23,
21891,649,36,16,5.20,,2,,,2.1237216e-03,23,
21892,649,37,16,5.50,,1,,,2.375835e-03,23,
21893,649,38,16,9.50,,4,,1.37,7.088235e-03,23,
21894,649,39,16,9.90,,1,,,7.6977054e-03,23,
21895,649,40,16,5.70,,2,,,2.5517646e-03,23,
21896,649,41,16,5.50,,1,,,2.375835e-03,23,
21897,649,42,16,5.50,,4,,1.37,2.375835e-03,23,
21898,649,43,16,6.40,,1,,,3.2169984e-03,23,
21899,649,44,16,9.30,,1,,,6.7929246e-03,23,
21900,649,45,16,10.50,,1,,,8.659035e-03,23,
21901,649,46,16,10.20,,1,,,8.1713016e-03,23,
21902,649,47,16,5.40,,1,,,2.2902264e-03,23,
21903,649,48,16,10.30,,1,,,8.3323086e-03,23,
21904,650,1,30,5.30,,1,,,2.2061886e-03,34,
21905,650,2,16,7.70,,1,,,4.6566366e-03,23,
21906,650,3,30,7.30,,1,,,4.1853966e-03,34,
21907,650,4,30,6.80,,3,,,3.6316896e-03,34,
21908,650,5,30,5.30,,1,,,2.2061886e-03,34,
21909,650,6,30,5.30,,1,,,2.2061886e-03,34,
21910,650,7,30,7.90,,1,,,4.9016814e-03,34,
21911,650,8,30,15.00,,1,,,0.01,34,
21912,650,9,30,5.00,,1,,,1.9635e-03,34,
21913,650,10,30,5.50,,1,,,2.375835e-03,34,
21914,650,11,30,8.00,,1,,,5.02656e-03,34,
21915,650,12,30,8.30,,1,,,5.4106206e-03,34,
21916,650,13,16,11.00,,1,,,9.50334e-03,23,
21917,650,14,30,11.30,,1,,,0.01,34,
21918,650,15,30,13.70,,1,,,0.01,34,
21919,650,16,30,18.50,,1,,,0.02,34,
21920,650,17,16,21.00,,1,,,0.03,23,
21921,650,18,30,5.00,,1,,,1.9635e-03,34,
21922,650,19,16,10.60,,1,,,8.8247544e-03,23,
21923,650,20,30,13.70,,1,,,0.01,34,
21924,651,1,30,79.50,,1,,,0.49,34,
21925,651,2,30,73.00,,1,,,0.41,34,
21926,651,3,30,51.70,,1,,,0.20,34,
21927,651,4,30,31.60,,1,,,0.07,34,
21928,652,1,16,6.20,,1,,,3.0190776e-03,23,
21929,652,2,16,6.10,,4,,0.30,2.9224734e-03,23,
21930,652,3,16,5.30,,3,,4.00,2.2061886e-03,23,
21931,652,4,16,5.30,,4,,0.59,2.2061886e-03,23,
21932,652,5,16,5.60,,4,,0.50,2.4630144e-03,23,
21933,652,6,16,5.60,,1,,,2.4630144e-03,23,
21934,652,7,16,5.80,,4,,0.80,2.6420856e-03,23,
21935,652,8,16,6.50,,1,,,3.318315e-03,23,
21936,652,9,16,7.50,,1,,,4.417875e-03,23,
21937,652,10,16,8.00,,1,,,5.02656e-03,23,
21938,652,11,16,7.40,,1,,,4.3008504e-03,23,
21939,652,12,16,6.60,,2,10.00,,3.4212024e-03,23,
21940,652,13,16,7.00,,1,,,3.84846e-03,23,
21941,652,14,16,7.10,,4,,0.49,3.9592014e-03,23,
21942,652,15,16,8.40,,4,,1.10,5.5417824e-03,23,
21943,652,16,16,5.90,,4,,1.30,2.7339774e-03,23,
21944,652,17,16,5.00,,4,,0.50,1.9635e-03,23,
21945,652,18,16,8.00,,1,,,5.02656e-03,23,
21946,652,19,16,7.50,,1,,,4.417875e-03,23,
21947,652,20,16,7.50,,1,,,4.417875e-03,23,
21948,652,21,16,7.50,,1,,,4.417875e-03,23,
21949,652,22,16,7.90,,1,,,4.9016814e-03,23,
21950,652,23,16,7.90,,1,,,4.9016814e-03,23,
21951,652,24,16,5.00,,4,,0.50,1.9635e-03,23,
21952,652,25,16,8.00,,1,,,5.02656e-03,23,
21953,652,26,16,7.00,,1,,,3.84846e-03,23,
21954,652,27,16,8.00,,1,,,5.02656e-03,23,
21955,652,28,16,7.20,,4,,0.55,4.0715136e-03,23,
21956,652,29,16,8.00,,1,,,5.02656e-03,23,
21957,652,30,16,8.00,,1,,,5.02656e-03,23,
21958,652,31,16,8.00,,1,,,5.02656e-03,23,
21959,652,32,16,8.10,,1,,,5.1530094e-03,23,
21960,652,33,16,8.10,,1,,,5.1530094e-03,23,
21961,652,34,16,7.90,,1,,,4.9016814e-03,23,
21962,652,35,16,9.40,,1,,,6.9397944e-03,23,
21963,652,36,16,8.60,,1,,,5.8088184e-03,23,
21964,652,37,16,8.90,,1,,,6.2211534e-03,23,
21965,652,38,16,9.00,,1,,,6.36174e-03,23,
21966,652,39,16,11.60,,1,,,0.01,23,
21967,652,40,16,9.10,,1,,,6.5038974e-03,23,
21968,652,41,16,6.60,,4,,0.45,3.4212024e-03,23,
21969,652,42,16,8.40,,1,,,5.5417824e-03,23,
21970,652,43,16,9.80,,1,,,7.5429816e-03,23,
21971,652,44,16,9.00,,1,,,6.36174e-03,23,
21972,652,45,16,9.40,,1,,,6.9397944e-03,23,
21973,652,46,16,9.60,,1,,,7.2382464e-03,23,
21974,652,47,16,9.70,,1,,,7.3898286e-03,23,
21975,652,48,16,9.70,,1,,,7.3898286e-03,23,
21976,652,49,16,8.40,,1,,,5.5417824e-03,23,
21977,652,50,16,9.20,,1,,,6.6476256e-03,23,
21978,652,51,16,8.80,,1,,,6.0821376e-03,23,
21979,652,52,16,9.30,,1,,,6.7929246e-03,23,
21980,652,53,16,10.10,,1,,,8.0118654e-03,23,
21981,652,54,16,10.00,,1,,,7.854e-03,23,
21982,652,55,16,10.00,,1,,,7.854e-03,23,
21983,652,56,16,10.10,,1,,,8.0118654e-03,23,
21984,652,57,16,9.30,,1,,,6.7929246e-03,23,
21985,652,58,16,10.20,,1,,,8.1713016e-03,23,
21986,652,59,51,14.60,,1,0.50,,0.01,80,
21987,652,60,16,8.20,,1,,,5.2810296e-03,23,
21988,652,61,16,11.60,,1,,,0.01,23,
21989,652,62,16,11.40,,1,,,0.01,23,
21990,652,63,16,11.00,,1,,,9.50334e-03,23,
21991,652,64,16,10.80,,1,,,9.1609056e-03,23,
21992,652,65,16,10.70,,1,,,8.9920446e-03,23,
21993,652,66,16,10.30,,1,,,8.3323086e-03,23,
21994,652,67,16,10.50,,1,,,8.659035e-03,23,
21995,652,68,16,12.00,,1,,,0.01,23,
21996,652,69,16,9.80,,1,,,7.5429816e-03,23,
21997,652,70,16,10.00,,1,,,7.854e-03,23,
21998,653,1,16,5.40,,1,,,2.2902264e-03,23,
21999,653,2,16,7.10,,1,,,3.9592014e-03,23,
22000,653,3,4,6.90,,1,,,3.7392894e-03,24,
22001,653,4,16,6.80,,1,,,3.6316896e-03,23,
22002,653,5,16,6.60,,1,,,3.4212024e-03,23,
22003,653,6,16,6.50,,1,,,3.318315e-03,23,
22004,653,7,16,6.60,,1,,,3.4212024e-03,23,
22005,653,8,16,10.50,,1,,,8.659035e-03,23,
22006,653,9,16,8.40,,1,,,5.5417824e-03,23,
22007,653,10,16,7.50,,1,,,4.417875e-03,23,
22008,653,11,16,6.50,,1,,,3.318315e-03,23,
22009,653,12,4,8.00,,1,,,5.02656e-03,24,
22010,653,13,30,9.30,,1,,,6.7929246e-03,34,
22011,653,14,51,37.20,,1,,,0.10,80,
22012,653,15,51,36.50,,1,,,0.10,80,
22013,653,16,51,24.80,,1,,,0.04,80,
22014,653,17,4,11.80,,1,,,0.01,24,
22015,653,18,16,5.10,,1,,,2.0428254e-03,23,
22016,653,19,16,8.60,,1,,,5.8088184e-03,23,
22017,653,20,16,11.50,,1,,,0.01,23,
22018,653,21,16,7.90,,1,,,4.9016814e-03,23,
22019,653,22,51,15.70,,1,,,0.01,80,
22020,654,1,13,16.60,,1,,,0.02,29,
22021,654,2,13,21.90,,1,,,0.03,29,
22022,654,3,13,16.70,,1,,,0.02,29,
22023,654,4,4,14.50,,1,,,0.01,24,
22024,654,5,51,12.00,,1,,,0.01,80,
22025,654,6,51,11.30,,1,,,0.01,80,
22026,654,7,51,5.60,,1,,,2.4630144e-03,80,
22027,654,8,13,32.00,,1,,,0.08,29,
22028,654,9,51,13.70,,1,,,0.01,80,
22029,654,10,51,17.50,,1,,,0.02,80,
22030,655,1,16,7.63,,1,,,4.58367307964307e-03,23,
22031,655,2,16,5.72,,1,,,2.57831610729922e-03,23,
22032,655,3,16,5.72,,1,,,2.57831610729922e-03,23,
22033,655,4,16,5.72,,1,,,2.57831610729922e-03,23,
22034,655,5,16,5.72,,1,,,2.57831610729922e-03,23,
22035,655,6,16,6.04,,1,,,2.87275344054018e-03,23,
22036,655,7,16,6.04,,1,,,2.87275344054018e-03,23,
22037,655,8,16,6.04,,1,,,2.87275344054018e-03,23,
22038,655,9,16,5.72,,1,,,2.57831610729922e-03,23,
22039,655,10,16,7.63,,1,,,4.58367307964307e-03,23,
22040,655,11,16,7.63,,1,,,4.58367307964307e-03,23,
22041,655,12,16,7.63,,1,,,4.58367307964307e-03,23,
22042,655,13,16,7.63,,1,,,4.58367307964307e-03,23,
22043,655,14,16,5.72,,1,,,2.57831610729922e-03,23,
22044,655,15,16,5.41,,1,,,2.2997943055848e-03,23,
22045,655,16,16,8.27,,1,,,5.37944965596999e-03,23,
22046,655,17,16,5.72,,1,,,2.57831610729922e-03,23,
22047,655,18,16,6.36,,1,,,3.18310630530768e-03,23,
22048,655,19,16,5.72,,1,,,2.57831610729922e-03,23,
22049,655,20,16,5.41,,1,,,2.2997943055848e-03,23,
22050,655,21,16,7.00,,1,,,3.85155862942231e-03,23,
22051,655,22,16,5.41,,1,,,2.2997943055848e-03,23,
22052,655,23,16,5.41,,1,,,2.2997943055848e-03,23,
22053,655,24,16,5.41,,1,,,2.2997943055848e-03,23,
22054,655,25,16,5.72,,1,,,2.57831610729922e-03,23,
22055,655,26,16,5.72,,1,,,2.57831610729922e-03,23,
22056,655,27,16,5.72,,1,,,2.57831610729922e-03,23,
22057,655,28,16,5.72,,1,,,2.57831610729922e-03,23,
22058,655,29,5,6.36,,1,,,3.18310630530768e-03,27,
22059,655,30,16,5.72,,1,,,2.57831610729922e-03,23,
22060,655,31,16,5.41,,1,,,2.2997943055848e-03,23,
22061,655,32,16,7.95,,1,,,4.97360360204326e-03,23,
22062,655,33,16,7.00,,1,,,3.85155862942231e-03,23,
22063,655,34,16,5.09,,1,,,2.03718803539692e-03,23,
22064,655,35,16,7.00,,1,,,3.85155862942231e-03,23,
22065,655,36,16,7.00,,1,,,3.85155862942231e-03,23,
22066,655,37,16,7.00,,1,,,3.85155862942231e-03,23,
22067,655,38,16,7.00,,1,,,3.85155862942231e-03,23,
22068,655,39,5,12.09,,1,,,0.01,27,
22069,655,40,16,7.32,,1,,,4.20965808876942e-03,23,
22070,655,41,16,7.00,,1,,,3.85155862942231e-03,23,
22071,655,42,16,7.00,,1,,,3.85155862942231e-03,23,
22072,655,43,16,7.32,,1,,,4.20965808876942e-03,23,
22073,655,44,16,7.32,,1,,,4.20965808876942e-03,23,
22074,655,45,16,7.32,,1,,,4.20965808876942e-03,23,
22075,655,46,16,7.32,,1,,,4.20965808876942e-03,23,
22076,655,47,16,7.32,,1,,,4.20965808876942e-03,23,
22077,655,48,16,7.00,,1,,,3.85155862942231e-03,23,
22078,655,49,16,6.36,,1,,,3.18310630530768e-03,23,
22079,655,50,16,7.63,,1,,,4.58367307964307e-03,23,
22080,655,51,16,7.95,,1,,,4.97360360204326e-03,23,
22081,655,52,16,8.59,,1,,,5.80121124142326e-03,23,
22082,655,53,16,8.59,,1,,,5.80121124142326e-03,23,
22083,655,54,16,8.91,,1,,,6.23888835840306e-03,23,
22084,655,55,16,9.23,,1,,,6.69248100690941e-03,23,
22085,655,56,16,7.63,,1,,,4.58367307964307e-03,23,
22086,655,57,16,10.18,,1,,,8.14875214158768e-03,23,
22087,655,58,16,8.91,,1,,,6.23888835840306e-03,23,
22088,655,59,5,7.00,,1,,,3.85155862942231e-03,27,
22089,655,60,16,7.32,,1,,,4.20965808876942e-03,23,
22090,655,61,16,7.95,,1,,,4.97360360204326e-03,23,
22091,655,62,16,7.00,,1,,,3.85155862942231e-03,23,
22092,655,63,16,7.00,,1,,,3.85155862942231e-03,23,
22093,655,64,16,7.95,,1,,,4.97360360204326e-03,23,
22094,655,65,16,9.54,,1,,,7.16198918694229e-03,23,
22095,655,66,16,7.00,,1,,,3.85155862942231e-03,23,
22096,655,67,16,5.41,,1,,,2.2997943055848e-03,23,
22097,655,68,16,5.41,,1,,,2.2997943055848e-03,23,
22098,655,69,16,5.41,,1,,,2.2997943055848e-03,23,
22099,655,70,16,5.41,,1,,,2.2997943055848e-03,23,
22100,655,71,16,6.36,,1,,,3.18310630530768e-03,23,
22101,655,72,16,6.36,,1,,,3.18310630530768e-03,23,
22102,655,73,16,7.00,,1,,,3.85155862942231e-03,23,
22103,655,74,16,5.09,,1,,,2.03718803539692e-03,23,
22104,655,75,16,5.72,,1,,,2.57831610729922e-03,23,
22105,655,76,16,6.68,,1,,,3.50937470160172e-03,23,
22106,655,77,16,6.68,,1,,,3.50937470160172e-03,23,
22107,655,78,16,6.68,,1,,,3.50937470160172e-03,23,
22108,655,79,16,6.68,,1,,,3.50937470160172e-03,23,
22109,655,80,16,6.68,,1,,,3.50937470160172e-03,23,
22110,655,81,16,7.00,,1,,,3.85155862942231e-03,23,
22111,655,82,16,5.09,,1,,,2.03718803539692e-03,23,
22112,655,83,16,6.36,,1,,,3.18310630530768e-03,23,
22113,655,84,16,5.09,,1,,,2.03718803539692e-03,23,
22114,655,85,16,5.09,,1,,,2.03718803539692e-03,23,
22115,655,86,16,5.09,,1,,,2.03718803539692e-03,23,
22116,655,87,16,5.09,,1,,,2.03718803539692e-03,23,
22117,655,88,16,5.09,,1,,,2.03718803539692e-03,23,
22118,655,89,16,6.36,,1,,,3.18310630530768e-03,23,
22119,655,90,16,5.09,,1,,,2.03718803539692e-03,23,
22120,655,91,16,5.41,,1,,,2.2997943055848e-03,23,
22121,655,92,16,5.09,,1,,,2.03718803539692e-03,23,
22122,655,93,16,5.09,,1,,,2.03718803539692e-03,23,
22123,655,94,16,7.32,,1,,,4.20965808876942e-03,23,
22124,655,95,16,5.09,,1,,,2.03718803539692e-03,23,
22125,655,96,16,5.09,,1,,,2.03718803539692e-03,23,
22126,655,97,16,5.09,,1,,,2.03718803539692e-03,23,
22127,655,98,16,5.09,,1,,,2.03718803539692e-03,23,
22128,655,99,16,7.00,,1,,,3.85155862942231e-03,23,
22129,655,100,16,6.36,,1,,,3.18310630530768e-03,23,
22130,655,101,16,6.36,,1,,,3.18310630530768e-03,23,
22131,655,102,16,6.36,,1,,,3.18310630530768e-03,23,
22132,655,103,16,6.36,,1,,,3.18310630530768e-03,23,
22133,655,104,16,6.36,,1,,,3.18310630530768e-03,23,
22134,655,105,16,6.04,,1,,,2.87275344054018e-03,23,
22135,655,106,16,6.36,,1,,,3.18310630530768e-03,23,
22136,655,107,16,7.00,,1,,,3.85155862942231e-03,23,
22137,655,108,16,6.04,,1,,,2.87275344054018e-03,23,
22138,655,109,16,6.36,,1,,,3.18310630530768e-03,23,
22139,655,110,16,6.36,,1,,,3.18310630530768e-03,23,
22140,655,111,16,6.36,,1,,,3.18310630530768e-03,23,
22141,655,112,16,6.36,,1,,,3.18310630530768e-03,23,
22142,655,113,16,6.68,,1,,,3.50937470160172e-03,23,
22143,655,114,16,5.09,,1,,,2.03718803539692e-03,23,
22144,655,115,16,6.36,,1,,,3.18310630530768e-03,23,
22145,655,116,16,5.41,,1,,,2.2997943055848e-03,23,
22146,655,117,16,5.72,,1,,,2.57831610729922e-03,23,
22147,655,118,16,6.36,,1,,,3.18310630530768e-03,23,
22148,655,119,16,6.36,,1,,,3.18310630530768e-03,23,
22149,655,120,16,6.36,,1,,,3.18310630530768e-03,23,
22150,655,121,16,6.36,,1,,,3.18310630530768e-03,23,
22151,655,122,16,6.36,,1,,,3.18310630530768e-03,23,
22152,655,123,16,6.36,,1,,,3.18310630530768e-03,23,
22153,655,124,16,6.36,,1,,,3.18310630530768e-03,23,
22154,655,125,16,6.36,,1,,,3.18310630530768e-03,23,
22155,655,126,16,5.09,,1,,,2.03718803539692e-03,23,
22156,655,127,16,5.09,,1,,,2.03718803539692e-03,23,
22157,655,128,16,5.09,,1,,,2.03718803539692e-03,23,
22158,655,129,16,6.68,,1,,,3.50937470160172e-03,23,
22159,655,130,16,6.36,,1,,,3.18310630530768e-03,23,
22160,655,131,16,5.72,,1,,,2.57831610729922e-03,23,
22161,655,132,16,5.72,,1,,,2.57831610729922e-03,23,
22162,656,1,16,6.36,,1,,,3.18310630530768e-03,23,
22163,656,2,16,6.36,,1,,,3.18310630530768e-03,23,
22164,656,3,16,6.36,,1,,,3.18310630530768e-03,23,
22165,656,4,16,6.36,,1,,,3.18310630530768e-03,23,
22166,656,5,16,5.72,,1,,,2.57831610729922e-03,23,
22167,656,6,16,6.36,,1,,,3.18310630530768e-03,23,
22168,656,7,16,6.36,,1,,,3.18310630530768e-03,23,
22169,656,8,16,6.36,,1,,,3.18310630530768e-03,23,
22170,656,9,16,6.36,,1,,,3.18310630530768e-03,23,
22171,656,10,16,6.04,,1,,,2.87275344054018e-03,23,
22172,656,11,16,6.36,,1,,,3.18310630530768e-03,23,
22173,656,12,16,6.04,,1,,,2.87275344054018e-03,23,
22174,656,13,16,7.63,,1,,,4.58367307964307e-03,23,
22175,656,14,16,5.72,,1,,,2.57831610729922e-03,23,
22176,656,15,16,5.72,,1,,,2.57831610729922e-03,23,
22177,656,16,16,5.72,,1,,,2.57831610729922e-03,23,
22178,656,17,16,6.36,,1,,,3.18310630530768e-03,23,
22179,656,18,16,6.36,,1,,,3.18310630530768e-03,23,
22180,656,19,16,5.41,,1,,,2.2997943055848e-03,23,
22181,656,20,16,5.72,,1,,,2.57831610729922e-03,23,
22182,656,21,16,7.95,,1,,,4.97360360204326e-03,23,
22183,656,22,5,5.09,,1,,,2.03718803539692e-03,27,
22184,656,23,25,7.32,,1,,,4.20965808876942e-03,23,"Wood density - subplot species majority used."
22185,656,24,16,6.36,,1,,,3.18310630530768e-03,23,
22186,656,25,16,6.36,,1,,,3.18310630530768e-03,23,
22187,656,26,16,6.36,,1,,,3.18310630530768e-03,23,
22188,656,27,16,6.36,,1,,,3.18310630530768e-03,23,
22189,656,28,16,6.36,,1,,,3.18310630530768e-03,23,
22190,656,29,16,6.36,,1,,,3.18310630530768e-03,23,
22191,656,30,16,6.36,,1,,,3.18310630530768e-03,23,
22192,656,31,16,6.36,,1,,,3.18310630530768e-03,23,
22193,656,32,25,7.32,,1,,,4.20965808876942e-03,23,"Wood density - subplot species majority used."
22194,656,33,16,7.00,,1,,,3.85155862942231e-03,23,
22195,656,34,16,7.00,,1,,,3.85155862942231e-03,23,
22196,656,35,16,7.00,,1,,,3.85155862942231e-03,23,
22197,656,36,16,7.00,,1,,,3.85155862942231e-03,23,
22198,656,37,16,7.00,,1,,,3.85155862942231e-03,23,
22199,656,38,25,7.00,,1,,,3.85155862942231e-03,23,"Wood density - subplot species majority used."
22200,656,39,16,7.32,,1,,,4.20965808876942e-03,23,
22201,656,40,16,7.32,,1,,,4.20965808876942e-03,23,
22202,656,41,16,6.36,,1,,,3.18310630530768e-03,23,
22203,656,42,5,38.19,,4,,1.37,0.11,27,
22204,656,43,16,7.95,,1,,,4.97360360204326e-03,23,
22205,656,44,16,7.95,,1,,,4.97360360204326e-03,23,
22206,656,45,16,7.95,,1,,,4.97360360204326e-03,23,
22207,656,46,16,7.95,,1,,,4.97360360204326e-03,23,
22208,656,47,16,7.95,,1,,,4.97360360204326e-03,23,
22209,656,48,16,7.95,,1,,,4.97360360204326e-03,23,
22210,656,49,16,9.54,,1,,,7.16198918694229e-03,23,
22211,656,50,5,8.59,,1,,,5.80121124142326e-03,27,
22212,656,51,5,7.95,,1,,,4.97360360204326e-03,27,
22213,656,52,5,31.83,,1,,,0.07,27,
22214,656,53,16,22.28,,1,,,0.03,23,
22215,656,54,25,20.69,,1,,,0.03,23,"Wood density - subplot species majority used."
22216,656,55,25,20.69,,1,,,0.03,23,"Wood density - subplot species majority used."
22217,656,56,5,19.09,,4,,1.37,0.02,27,
22218,656,57,5,19.09,,2,,,0.02,27,
22219,656,58,16,7.95,,1,,,4.97360360204326e-03,23,
22220,656,59,16,5.09,,1,,,2.03718803539692e-03,23,
22221,656,60,16,5.09,,1,,,2.03718803539692e-03,23,
22222,656,61,5,19.09,,1,,,0.02,27,
22223,656,62,16,11.14,,1,,,9.7482630600048e-03,23,
22224,656,63,5,9.23,,1,,,6.69248100690941e-03,27,
22225,656,64,16,6.04,,1,,,2.87275344054018e-03,23,
22226,656,65,16,11.77,,1,,,0.01,23,
22227,656,66,5,8.59,,1,,,5.80121124142326e-03,27,
22228,656,67,5,15.91,,4,,1.37,0.01,27,
22229,656,68,25,12.73,,1,,,0.01,23,"Wood density - subplot species majority used."
22230,656,69,16,11.14,,1,,,9.7482630600048e-03,23,
22231,656,70,5,15.91,,1,,,0.01,27,
22232,656,71,16,11.14,,1,,,9.7482630600048e-03,23,
22233,656,72,25,10.82,,1,,,9.19917722233925e-03,23,"Wood density - subplot species majority used."
22234,656,73,16,9.54,,1,,,7.16198918694229e-03,23,
22235,656,74,16,8.59,,1,,,5.80121124142326e-03,23,
22236,656,75,5,8.91,,1,,,6.23888835840306e-03,27,
22237,656,76,16,11.77,,1,,,0.01,23,
22238,656,77,16,12.73,,1,,,0.01,23,
22239,656,78,25,17.82,,1,,,0.02,23,"Wood density - subplot species majority used."
22240,656,79,16,9.54,,1,,,7.16198918694229e-03,23,
22241,656,80,25,9.86,,1,,,7.64741289850171e-03,23,"Wood density - subplot species majority used."
22242,656,81,16,10.50,,1,,,8.66600691620018e-03,23,
22243,657,1,33,8.27,,1,,,5.37944965596999e-03,83,
22244,657,2,5,6.36,,1,,,3.18310630530768e-03,27,
22245,657,3,16,10.50,,1,,,8.66600691620018e-03,23,
22246,657,4,33,7.63,,1,,,4.58367307964307e-03,83,
22247,657,5,33,10.50,,1,,,8.66600691620018e-03,83,
22248,657,6,33,10.82,,1,,,9.19917722233925e-03,83,
22249,657,7,5,19.73,,1,,,0.03,27,
22250,657,8,33,9.54,,1,,,7.16198918694229e-03,83,
22251,657,9,5,5.09,,1,,,2.03718803539692e-03,27,
22252,657,10,16,12.09,,1,,,0.01,23,
22253,657,11,5,13.36,,1,,,0.01,27,"kel: 132"
22254,657,12,33,13.36,,1,,,0.01,83,
22255,657,13,16,14.32,,1,,,0.01,23,
22256,657,14,5,15.27,,1,,,0.01,27,
22257,657,15,5,15.91,,1,,,0.01,27,
22258,657,16,5,7.63,,1,,,4.58367307964307e-03,27,
22259,657,17,16,7.63,,1,,,4.58367307964307e-03,23,
22260,657,18,5,7.63,,1,,,4.58367307964307e-03,27,
22261,657,19,5,5.72,,1,,,2.57831610729922e-03,27,
22262,657,20,33,22.91,,1,,,0.04,83,
22263,657,21,5,7.63,,1,,,4.58367307964307e-03,27,
22264,657,22,33,11.45,,1,,,0.01,83,
22265,657,23,5,11.45,,1,,,0.01,27,
22266,657,24,16,19.73,,1,,,0.03,23,
22267,657,25,5,26.10,,1,,,0.05,27,
22268,657,26,5,5.72,,1,,,2.57831610729922e-03,27,
22269,657,27,33,5.72,,1,,,2.57831610729922e-03,83,
22270,657,28,5,6.36,,1,,,3.18310630530768e-03,27,
22271,657,29,5,6.36,,1,,,3.18310630530768e-03,27,
22272,657,30,5,6.36,,1,,,3.18310630530768e-03,27,
22273,657,31,33,16.23,,1,,,0.02,83,
22274,657,32,5,6.36,,1,,,3.18310630530768e-03,27,
22275,657,33,5,7.63,,1,,,4.58367307964307e-03,27,
22276,657,34,33,7.00,,1,,,3.85155862942231e-03,83,
22277,657,35,5,7.00,,1,,,3.85155862942231e-03,27,
22278,657,36,5,6.36,,1,,,3.18310630530768e-03,27,
22279,657,37,5,6.36,,1,,,3.18310630530768e-03,27,
22280,657,38,5,6.36,,1,,,3.18310630530768e-03,27,
22281,657,39,5,6.36,,1,,,3.18310630530768e-03,27,
22282,658,1,16,8.10,,1,,,5.1530094e-03,23,
22283,658,2,16,7.70,,1,,,4.6566366e-03,23,
22284,658,3,16,8.70,,1,,,5.9446926e-03,23,
22285,658,4,16,9.00,,1,,,6.36174e-03,23,
22286,658,5,16,9.20,,1,,,6.6476256e-03,23,
22287,658,6,16,9.40,,1,,,6.9397944e-03,23,
22288,658,7,16,9.40,,1,,,6.9397944e-03,23,
22289,658,8,25,9.80,,2,,,7.5429816e-03,23,"Wood density - subplot species majority used."
22290,658,9,38,15.20,,1,,,0.01,77,
22291,658,10,16,7.00,,1,,,3.84846e-03,23,
22292,658,11,25,24.20,,2,,,0.04,23,"Wood density - subplot species majority used."
22293,658,12,16,9.60,,1,,,7.2382464e-03,23,
22294,658,13,16,7.90,,1,,,4.9016814e-03,23,
22295,658,14,16,6.50,,1,,,3.318315e-03,23,
22296,658,15,16,7.80,,1,,,4.7783736e-03,23,
22297,658,16,16,5.10,,1,,,2.0428254e-03,23,
22298,658,17,16,7.70,,1,,,4.6566366e-03,23,
22299,658,18,16,7.50,,1,,,4.417875e-03,23,
22300,658,19,16,7.50,,1,,,4.417875e-03,23,
22301,658,20,16,7.40,,1,,,4.3008504e-03,23,
22302,658,21,16,7.30,,1,,,4.1853966e-03,23,
22303,658,22,16,7.10,,1,,,3.9592014e-03,23,
22304,658,23,38,8.70,,1,,,5.9446926e-03,77,
22305,658,24,16,6.70,,1,,,3.5256606e-03,23,
22306,658,25,16,7.30,,1,,,4.1853966e-03,23,
22307,658,26,16,6.60,,1,,,3.4212024e-03,23,
22308,658,27,30,43.20,,1,,,0.14,34,
22309,658,28,38,6.50,,1,,,3.318315e-03,77,
22310,658,29,16,6.50,,1,,,3.318315e-03,23,
22311,658,30,64,6.80,,1,,,3.6316896e-03,76,
22312,658,31,35,6.80,,1,,,3.6316896e-03,1000,
22313,658,32,16,6.80,,1,,,3.6316896e-03,23,
22314,658,33,16,6.80,,1,,,3.6316896e-03,23,
22315,658,34,16,6.40,,1,,,3.2169984e-03,23,
22316,658,35,16,5.20,,1,,,2.1237216e-03,23,
22317,658,36,16,6.80,,1,,,3.6316896e-03,23,
22318,658,37,35,6.40,,1,,,3.2169984e-03,1000,
22319,658,38,16,6.30,,1,,,3.1172526e-03,23,
22320,658,39,38,5.20,,1,,,2.1237216e-03,77,
22321,658,40,16,7.00,,1,,,3.84846e-03,23,
22322,658,41,16,6.30,,1,,,3.1172526e-03,23,
22323,658,42,16,8.00,,1,,,5.02656e-03,23,
22324,658,43,16,5.40,,1,,,2.2902264e-03,23,
22325,658,44,16,7.80,,1,,,4.7783736e-03,23,
22326,658,45,16,5.30,,1,,,2.2061886e-03,23,
22327,658,46,16,6.00,,1,,,2.82744e-03,23,
22328,658,47,38,5.50,,1,,,2.375835e-03,77,
22329,658,48,16,5.70,,1,,,2.5517646e-03,23,
22330,658,49,16,5.80,,1,,,2.6420856e-03,23,
22331,658,50,16,7.00,,1,,,3.84846e-03,23,
22332,658,51,35,6.30,,1,,,3.1172526e-03,1000,
22333,659,1,16,8.50,,1,,,5.674515e-03,23,
22334,659,2,16,8.50,,1,,,5.674515e-03,23,
22335,659,3,16,10.50,,1,,,8.659035e-03,23,
22336,659,4,16,8.00,,1,,,5.02656e-03,23,
22337,659,5,16,7.10,,1,,,3.9592014e-03,23,
22338,659,6,16,7.00,,1,,,3.84846e-03,23,
22339,659,7,16,8.80,,1,,,6.0821376e-03,23,
22340,659,8,16,5.50,,1,,,2.375835e-03,23,
22341,659,9,16,7.20,,1,,,4.0715136e-03,23,
22342,659,10,16,8.00,,1,,,5.02656e-03,23,
22343,659,11,16,9.20,,1,,,6.6476256e-03,23,
22344,659,12,16,9.60,,1,,,7.2382464e-03,23,
22345,659,13,38,10.10,,1,,,8.0118654e-03,77,
22346,659,14,16,10.20,,1,,,8.1713016e-03,23,
22347,659,15,16,7.80,,1,,,4.7783736e-03,23,
22348,659,16,35,5.20,,1,,,2.1237216e-03,1000,
22349,659,17,16,5.50,,1,,,2.375835e-03,23,
22350,659,18,16,7.50,,1,,,4.417875e-03,23,
22351,659,19,16,5.90,,1,,,2.7339774e-03,23,
22352,659,20,16,7.00,,1,,,3.84846e-03,23,
22353,659,21,30,41.20,,1,,,0.13,34,
22354,659,22,38,32.40,,1,,,0.08,77,
22355,659,23,30,21.70,,1,,,0.03,34,
22356,659,24,16,6.50,,1,,,3.318315e-03,23,
22357,659,25,16,5.60,,1,,,2.4630144e-03,23,
22358,659,26,16,6.50,,1,,,3.318315e-03,23,
22359,659,27,16,7.80,,1,,,4.7783736e-03,23,
22360,659,28,16,6.90,,1,,,3.7392894e-03,23,
22361,659,29,16,6.30,,1,,,3.1172526e-03,23,
22362,659,30,16,7.00,,1,,,3.84846e-03,23,
22363,659,31,16,5.30,,1,,,2.2061886e-03,23,
22364,659,32,16,6.20,,1,,,3.0190776e-03,23,
22365,659,33,16,10.70,,1,,,8.9920446e-03,23,
22366,659,34,38,7.90,,1,,,4.9016814e-03,77,
22367,659,35,16,7.00,,1,,,3.84846e-03,23,
22368,659,36,16,5.80,,1,,,2.6420856e-03,23,
22369,659,37,16,8.20,,1,,,5.2810296e-03,23,
22370,659,38,16,6.20,,1,,,3.0190776e-03,23,
22371,659,39,16,6.50,,1,,,3.318315e-03,23,
22372,660,1,13,7.20,,1,,,4.0715136e-03,29,
22373,660,2,25,6.70,,3,,,3.5256606e-03,23,"Wood density - subplot species majority used."
22374,660,3,16,6.40,,1,,,3.2169984e-03,23,
22375,660,4,16,6.30,,1,,,3.1172526e-03,23,
22376,660,5,16,6.10,,1,,,2.9224734e-03,23,
22377,660,6,16,5.60,,1,,,2.4630144e-03,23,
22378,660,7,16,5.60,,1,,,2.4630144e-03,23,
22379,660,8,16,5.20,,1,,,2.1237216e-03,23,
22380,660,9,13,9.90,,1,,,7.6977054e-03,29,
22381,660,10,13,7.30,,1,,,4.1853966e-03,29,
22382,660,11,13,19.40,,1,,,0.02,29,
22383,660,12,13,5.00,,1,,,1.9635e-03,29,
22384,660,13,13,15.30,,1,,,0.01,29,
22385,660,14,16,9.40,,1,,,6.9397944e-03,23,
22386,660,15,16,7.90,,1,,,4.9016814e-03,23,
22387,660,16,16,9.70,,1,,,7.3898286e-03,23,
22388,660,17,13,13.90,,1,,,0.01,29,
22389,660,18,64,13.40,,1,,,0.01,76,
22390,660,19,13,11.60,,1,,,0.01,29,
22391,660,20,16,11.00,,1,,,9.50334e-03,23,
22392,660,21,16,10.50,,1,,,8.659035e-03,23,
22393,660,22,16,10.30,,1,,,8.3323086e-03,23,
22394,660,23,13,9.90,,1,,,7.6977054e-03,29,
22395,660,24,16,8.50,,1,,,5.674515e-03,23,
22396,661,1,13,11.30,,1,,,0.01,29,
22397,661,2,35,85.00,,1,,,0.56,1000,
22398,661,3,35,79.00,,1,,,0.49,1000,
22399,661,4,35,74.00,,1,,,0.43,1000,
22400,661,5,30,39.90,,1,,,0.12,34,
22401,661,6,13,5.80,,1,,,2.6420856e-03,29,
22402,661,7,13,14.70,,1,,,0.01,29,
22403,661,8,38,12.40,,1,,,0.01,77,
22404,661,9,13,5.00,,1,,,1.9635e-03,29,
22405,661,10,13,6.90,,1,,,3.7392894e-03,29,
22406,661,11,38,9.80,,1,,,7.5429816e-03,77,
22407,661,12,13,12.80,,1,,,0.01,29,
22408,661,13,13,31.50,,1,,,0.07,29,
22409,661,14,38,5.30,,1,,,2.2061886e-03,77,
22410,661,15,13,7.40,,1,,,4.3008504e-03,29,
22411,661,16,13,7.50,,1,,,4.417875e-03,29,
22412,661,17,13,8.20,,1,,,5.2810296e-03,29,
22413,661,18,13,8.40,,1,,,5.5417824e-03,29,
22414,661,19,59,8.80,,1,,,6.0821376e-03,1000,
22415,663,1,16,10.20,,1,,,8.1713016e-03,23,
22416,663,2,16,8.30,,1,,,5.4106206e-03,23,
22417,663,3,16,8.10,,1,,,5.1530094e-03,23,
22418,663,4,16,8.20,,1,,,5.2810296e-03,23,
22419,663,5,16,8.30,,1,,,5.4106206e-03,23,
22420,663,6,16,8.10,,1,,,5.1530094e-03,23,
22421,663,7,16,8.40,,1,,,5.5417824e-03,23,
22422,663,8,16,9.10,,1,,,6.5038974e-03,23,
22423,663,9,16,7.50,,1,,,4.417875e-03,23,
22424,663,10,16,10.20,,1,,,8.1713016e-03,23,
22425,663,11,16,7.30,,4,,1.37,4.1853966e-03,23,
22426,663,12,16,7.20,,1,,,4.0715136e-03,23,
22427,663,13,16,8.50,,1,,,5.674515e-03,23,
22428,663,14,16,9.90,,1,,,7.6977054e-03,23,
22429,663,15,16,7.30,,1,,,4.1853966e-03,23,
22430,663,16,16,9.10,,1,,,6.5038974e-03,23,
22431,663,17,16,8.00,,1,,,5.02656e-03,23,
22432,663,18,16,7.30,,1,,,4.1853966e-03,23,
22433,663,19,16,7.50,,1,,,4.417875e-03,23,
22434,663,20,16,7.60,,1,,,4.5364704e-03,23,
22435,663,21,16,7.70,,1,,,4.6566366e-03,23,
22436,663,22,16,7.80,,1,,,4.7783736e-03,23,
22437,663,23,16,7.80,,1,,,4.7783736e-03,23,
22438,663,24,16,7.90,,1,,,4.9016814e-03,23,
22439,663,25,16,8.00,,1,,,5.02656e-03,23,
22440,663,26,16,8.00,,1,,,5.02656e-03,23,
22441,663,27,16,6.00,,1,,,2.82744e-03,23,
22442,663,28,16,5.80,,1,,,2.6420856e-03,23,
22443,663,29,16,7.40,,1,,,4.3008504e-03,23,
22444,663,30,16,6.40,,1,,,3.2169984e-03,23,
22445,663,31,16,11.20,,1,,,9.8520576e-03,23,
22446,663,32,16,5.00,,1,,,1.9635e-03,23,
22447,663,33,16,5.90,,1,,,2.7339774e-03,23,
22448,663,34,16,7.10,,1,,,3.9592014e-03,23,
22449,663,35,16,7.10,,1,,,3.9592014e-03,23,
22450,663,36,16,7.00,,1,,,3.84846e-03,23,
22451,663,37,16,7.00,,1,,,3.84846e-03,23,
22452,663,38,16,6.80,,1,,,3.6316896e-03,23,
22453,663,39,16,6.40,,1,,,3.2169984e-03,23,
22454,663,40,16,6.40,,1,,,3.2169984e-03,23,
22455,663,41,16,6.30,,3,,,3.1172526e-03,23,
22456,663,42,16,6.30,,1,,,3.1172526e-03,23,
22457,663,43,16,6.30,,1,,,3.1172526e-03,23,
22458,663,44,16,7.20,,1,,,4.0715136e-03,23,
22459,663,45,16,5.30,,1,,,2.2061886e-03,23,
22460,663,46,16,5.10,,1,,,2.0428254e-03,23,
22461,663,47,16,8.50,,4,,1.37,5.674515e-03,23,
22462,663,48,16,6.90,,1,,,3.7392894e-03,23,
22463,663,49,16,6.00,,1,,,2.82744e-03,23,
22464,663,50,16,5.30,,1,,,2.2061886e-03,23,
22465,663,51,16,5.10,,1,,,2.0428254e-03,23,
22466,663,52,16,5.40,,1,,,2.2902264e-03,23,
22467,663,53,16,5.50,,1,,,2.375835e-03,23,
22468,663,54,16,5.70,,1,,,2.5517646e-03,23,
22469,663,55,16,9.10,,1,,,6.5038974e-03,23,
22470,663,56,16,5.90,,1,,,2.7339774e-03,23,
22471,663,57,16,11.30,,1,,,0.01,23,
22472,663,58,16,5.90,,3,,,2.7339774e-03,23,
22473,663,59,16,5.20,,1,,,2.1237216e-03,23,
22474,664,1,16,6.10,,1,,,2.9224734e-03,23,
22475,664,2,16,5.00,,1,,,1.9635e-03,23,
22476,664,3,16,5.40,,1,,,2.2902264e-03,23,
22477,664,4,16,5.00,,1,,,1.9635e-03,23,
22478,664,5,16,5.10,,1,,,2.0428254e-03,23,
22479,664,6,16,5.30,,1,,,2.2061886e-03,23,
22480,664,7,16,5.40,,1,,,2.2902264e-03,23,
22481,664,8,16,5.60,,1,,,2.4630144e-03,23,
22482,664,9,16,6.40,,1,,,3.2169984e-03,23,
22483,664,10,16,6.40,,1,,,3.2169984e-03,23,
22484,664,11,16,12.10,,1,,,0.01,23,
22485,664,12,16,6.30,,1,,,3.1172526e-03,23,
22486,664,13,16,6.40,,1,,,3.2169984e-03,23,
22487,664,14,16,7.10,,1,,,3.9592014e-03,23,
22488,664,15,16,6.50,,1,,,3.318315e-03,23,
22489,664,16,16,6.30,,1,,,3.1172526e-03,23,
22490,664,17,16,7.50,,1,,,4.417875e-03,23,
22491,664,18,16,10.40,,1,,,8.4948864e-03,23,
22492,664,19,16,7.20,,1,,,4.0715136e-03,23,
22493,664,20,16,6.10,,1,,,2.9224734e-03,23,
22494,664,21,16,6.70,,1,,,3.5256606e-03,23,
22495,664,22,16,6.30,,1,,,3.1172526e-03,23,
22496,664,23,16,7.00,,1,,,3.84846e-03,23,
22497,664,24,16,7.00,,1,,,3.84846e-03,23,
22498,664,25,16,6.80,,1,,,3.6316896e-03,23,
22499,664,26,16,7.10,,1,,,3.9592014e-03,23,
22500,664,27,16,7.50,,1,,,4.417875e-03,23,
22501,664,28,16,7.20,,1,,,4.0715136e-03,23,
22502,664,29,16,6.40,,1,,,3.2169984e-03,23,
22503,664,30,16,7.30,,1,,,4.1853966e-03,23,
22504,664,31,16,7.30,,1,,,4.1853966e-03,23,
22505,664,32,16,7.40,,1,,,4.3008504e-03,23,
22506,664,33,16,7.40,,1,,,4.3008504e-03,23,
22507,664,34,16,7.50,,1,,,4.417875e-03,23,
22508,664,35,16,7.00,,1,,,3.84846e-03,23,
22509,664,36,16,8.00,,1,,,5.02656e-03,23,
22510,664,37,16,7.60,,1,,,4.5364704e-03,23,
22511,664,38,16,7.60,,1,,,4.5364704e-03,23,
22512,664,39,16,9.90,,1,,,7.6977054e-03,23,
22513,664,40,16,8.30,,1,,,5.4106206e-03,23,
22514,664,41,16,7.70,,1,,,4.6566366e-03,23,
22515,664,42,16,7.70,,1,,,4.6566366e-03,23,
22516,664,43,16,7.80,,1,,,4.7783736e-03,23,
22517,664,44,16,8.00,,1,,,5.02656e-03,23,
22518,664,45,16,8.00,,1,,,5.02656e-03,23,
22519,664,46,16,8.20,,1,,,5.2810296e-03,23,
22520,664,47,16,8.00,,1,,,5.02656e-03,23,
22521,664,48,16,7.70,,1,,,4.6566366e-03,23,
22522,664,49,16,8.20,,1,,,5.2810296e-03,23,
22523,664,50,16,8.20,,1,,,5.2810296e-03,23,
22524,664,51,16,5.90,,1,,,2.7339774e-03,23,
22525,664,52,16,6.10,,3,,,2.9224734e-03,23,
22526,664,53,16,7.80,,1,,,4.7783736e-03,23,
22527,664,54,16,8.90,,1,,,6.2211534e-03,23,
22528,664,55,16,9.60,,1,,,7.2382464e-03,23,
22529,664,56,16,8.20,,1,,,5.2810296e-03,23,
22530,664,57,16,9.00,,1,,,6.36174e-03,23,
22531,664,58,16,8.60,,1,,,5.8088184e-03,23,
22532,664,59,16,8.80,,1,,,6.0821376e-03,23,
22533,664,60,16,8.50,,1,,,5.674515e-03,23,
22534,664,61,16,8.90,,1,,,6.2211534e-03,23,
22535,664,62,16,8.50,,1,,,5.674515e-03,23,
22536,664,63,16,12.00,,1,,,0.01,23,
22537,664,64,16,9.10,,1,,,6.5038974e-03,23,
22538,664,65,16,9.20,,1,,,6.6476256e-03,23,
22539,664,66,16,10.00,,1,,,7.854e-03,23,
22540,664,67,16,10.20,,1,,,8.1713016e-03,23,
22541,664,68,16,10.40,,1,,,8.4948864e-03,23,
22542,664,69,16,8.70,,1,,,5.9446926e-03,23,
22543,664,70,16,7.60,,1,,,4.5364704e-03,23,
22544,664,71,16,6.20,,1,,,3.0190776e-03,23,
22545,665,1,16,9.10,,1,,,6.5038974e-03,23,
22546,665,2,16,9.90,,1,,,7.6977054e-03,23,
22547,665,3,16,9.10,,1,,,6.5038974e-03,23,
22548,665,4,16,9.70,,1,,,7.3898286e-03,23,
22549,665,5,16,9.20,,1,,,6.6476256e-03,23,
22550,665,6,16,9.30,,1,,,6.7929246e-03,23,
22551,665,7,16,9.50,,1,,,7.088235e-03,23,
22552,665,8,16,9.00,,1,,,6.36174e-03,23,
22553,665,9,16,9.50,,1,,,7.088235e-03,23,
22554,665,10,16,9.30,,1,,,6.7929246e-03,23,
22555,665,11,16,9.00,,1,,,6.36174e-03,23,
22556,665,12,16,8.80,,1,,,6.0821376e-03,23,
22557,665,13,16,8.80,,1,,,6.0821376e-03,23,
22558,665,14,16,9.20,,1,,,6.6476256e-03,23,
22559,665,15,16,5.10,,1,,,2.0428254e-03,23,
22560,665,16,16,5.20,,1,,,2.1237216e-03,23,
22561,665,17,16,10.10,,1,,,8.0118654e-03,23,
22562,665,18,16,5.00,,3,,,1.9635e-03,23,
22563,665,19,16,8.60,,1,,,5.8088184e-03,23,
22564,665,20,16,6.30,,1,,,3.1172526e-03,23,
22565,665,21,16,6.90,,1,,,3.7392894e-03,23,
22566,665,22,16,6.00,,1,,,2.82744e-03,23,
22567,665,23,16,5.00,,1,,,1.9635e-03,23,
22568,665,24,16,6.90,,1,,,3.7392894e-03,23,
22569,665,25,16,5.40,,3,,,2.2902264e-03,23,
22570,665,26,16,6.70,,1,,,3.5256606e-03,23,
22571,665,27,16,6.50,,1,,,3.318315e-03,23,
22572,665,28,16,6.40,,1,,,3.2169984e-03,23,
22573,665,29,16,6.40,,1,,,3.2169984e-03,23,
22574,665,30,16,6.30,,1,,,3.1172526e-03,23,
22575,665,31,16,6.70,,1,,,3.5256606e-03,23,
22576,665,32,16,6.10,,1,,,2.9224734e-03,23,
22577,665,33,16,9.20,,1,,,6.6476256e-03,23,
22578,665,34,16,5.90,,1,,,2.7339774e-03,23,
22579,665,35,16,5.80,,1,,,2.6420856e-03,23,
22580,665,36,16,5.50,,1,,,2.375835e-03,23,
22581,665,37,16,5.40,,1,,,2.2902264e-03,23,
22582,665,38,16,5.30,,1,,,2.2061886e-03,23,
22583,665,39,16,10.80,,1,,,9.1609056e-03,23,
22584,665,40,16,6.90,,1,,,3.7392894e-03,23,
22585,665,41,16,5.70,,1,,,2.5517646e-03,23,
22586,665,42,16,6.80,,1,,,3.6316896e-03,23,
22587,665,43,16,8.40,,1,,,5.5417824e-03,23,
22588,665,44,16,7.20,,1,,,4.0715136e-03,23,
22589,665,45,16,7.20,,1,,,4.0715136e-03,23,
22590,665,46,16,7.20,,1,,,4.0715136e-03,23,
22591,665,47,16,7.00,,1,,,3.84846e-03,23,
22592,665,48,16,6.90,,1,,,3.7392894e-03,23,
22593,665,49,16,7.30,,1,,,4.1853966e-03,23,
22594,665,50,16,8.40,,1,,,5.5417824e-03,23,
22595,665,51,16,8.50,,1,,,5.674515e-03,23,
22596,665,52,16,7.20,,1,,,4.0715136e-03,23,
22597,665,53,16,7.50,,1,,,4.417875e-03,23,
22598,665,54,16,8.40,,1,,,5.5417824e-03,23,
22599,665,55,16,7.90,,1,,,4.9016814e-03,23,
22600,665,56,16,8.30,,1,,,5.4106206e-03,23,
22601,665,57,16,8.20,,1,,,5.2810296e-03,23,
22602,665,58,16,8.10,,1,,,5.1530094e-03,23,
22603,665,59,16,8.10,,1,,,5.1530094e-03,23,
22604,665,60,16,8.00,,1,,,5.02656e-03,23,
22605,665,61,16,8.00,,1,,,5.02656e-03,23,
22606,665,62,16,7.90,,1,,,4.9016814e-03,23,
22607,665,63,16,9.20,,1,,,6.6476256e-03,23,
22608,665,64,16,8.50,,1,,,5.674515e-03,23,
22609,665,65,16,10.10,,1,,,8.0118654e-03,23,
22610,665,66,16,8.20,,1,,,5.2810296e-03,23,
22611,665,67,16,7.50,,1,,,4.417875e-03,23,
22612,665,68,16,9.70,,1,,,7.3898286e-03,23,
22613,665,69,16,5.10,,1,,,2.0428254e-03,23,
22614,665,70,16,8.80,,1,,,6.0821376e-03,23,
22615,665,71,16,13.30,,1,,,0.01,23,
22616,665,72,16,10.10,,1,,,8.0118654e-03,23,
22617,665,73,16,10.00,,1,,,7.854e-03,23,
22618,665,74,16,5.00,,1,,,1.9635e-03,23,
22619,665,75,16,7.20,,1,,,4.0715136e-03,23,
22620,665,76,16,7.30,,1,,,4.1853966e-03,23,
22621,665,77,16,7.30,,1,,,4.1853966e-03,23,
22622,665,78,16,13.40,,1,,,0.01,23,
22623,665,79,16,7.60,,1,,,4.5364704e-03,23,
22624,665,80,16,7.50,,1,,,4.417875e-03,23,
22625,665,81,16,7.40,,1,,,4.3008504e-03,23,
22626,665,82,16,7.40,,1,,,4.3008504e-03,23,
22627,665,83,16,8.60,,1,,,5.8088184e-03,23,
22628,665,84,16,7.50,,1,,,4.417875e-03,23,
22629,665,85,16,5.00,,1,,,1.9635e-03,23,
22630,665,86,16,9.00,,1,,,6.36174e-03,23,
22631,666,1,16,7.20,,1,,,4.0715136e-03,23,
22632,666,2,16,7.20,,1,,,4.0715136e-03,23,
22633,666,3,16,7.50,,1,,,4.417875e-03,23,
22634,666,4,16,7.60,,1,,,4.5364704e-03,23,
22635,666,5,16,7.80,,1,,,4.7783736e-03,23,
22636,666,6,16,7.90,,1,,,4.9016814e-03,23,
22637,666,7,16,6.00,,1,,,2.82744e-03,23,
22638,666,8,16,7.00,,1,,,3.84846e-03,23,
22639,666,9,16,6.20,,1,,,3.0190776e-03,23,
22640,666,10,16,5.90,,1,,,2.7339774e-03,23,
22641,666,11,16,6.00,,1,,,2.82744e-03,23,
22642,666,12,16,6.20,,1,,,3.0190776e-03,23,
22643,666,13,16,7.20,,1,,,4.0715136e-03,23,
22644,666,14,16,8.00,,1,,,5.02656e-03,23,
22645,666,15,16,5.20,,1,,,2.1237216e-03,23,
22646,666,16,16,7.10,,1,,,3.9592014e-03,23,
22647,666,17,16,5.10,,1,,,2.0428254e-03,23,
22648,666,18,16,7.00,,1,,,3.84846e-03,23,
22649,666,19,16,6.90,,1,,,3.7392894e-03,23,
22650,666,20,16,6.80,,1,,,3.6316896e-03,23,
22651,666,21,16,6.70,,1,,,3.5256606e-03,23,
22652,666,22,16,6.70,,1,,,3.5256606e-03,23,
22653,666,23,16,5.10,,1,,,2.0428254e-03,23,
22654,666,24,16,6.20,,1,,,3.0190776e-03,23,
22655,666,25,16,7.10,,1,,,3.9592014e-03,23,
22656,666,26,16,5.80,,1,,,2.6420856e-03,23,
22657,666,27,16,5.80,,1,,,2.6420856e-03,23,
22658,666,28,16,6.30,,1,,,3.1172526e-03,23,
22659,666,29,16,10.10,,1,,,8.0118654e-03,23,
22660,666,30,16,5.70,,1,,,2.5517646e-03,23,
22661,666,31,16,5.90,,1,,,2.7339774e-03,23,
22662,666,32,16,8.20,,1,,,5.2810296e-03,23,
22663,666,33,16,9.00,,1,,,6.36174e-03,23,
22664,666,34,16,8.50,,1,,,5.674515e-03,23,
22665,666,35,16,8.60,,1,,,5.8088184e-03,23,
22666,666,36,16,8.90,,1,,,6.2211534e-03,23,
22667,666,37,16,9.00,,1,,,6.36174e-03,23,
22668,666,38,16,9.30,,1,,,6.7929246e-03,23,
22669,666,39,16,9.40,,1,,,6.9397944e-03,23,
22670,666,40,16,9.90,,1,,,7.6977054e-03,23,
22671,666,41,16,10.50,,1,,,8.659035e-03,23,
22672,666,42,16,6.30,,1,,,3.1172526e-03,23,
22673,666,43,16,8.10,,1,,,5.1530094e-03,23,
22674,666,44,16,5.10,,1,,,2.0428254e-03,23,
22675,666,45,16,6.70,,1,,,3.5256606e-03,23,
22676,666,46,16,8.30,,1,,,5.4106206e-03,23,
22677,666,47,16,5.60,,1,,,2.4630144e-03,23,
22678,666,48,16,8.10,,1,,,5.1530094e-03,23,
22679,666,49,16,6.20,,1,,,3.0190776e-03,23,
22680,666,50,16,5.10,,1,,,2.0428254e-03,23,
22681,666,51,16,6.20,,1,,,3.0190776e-03,23,
22682,666,52,16,5.60,,1,,,2.4630144e-03,23,
22683,666,53,16,5.50,,1,,,2.375835e-03,23,
22684,666,54,16,5.30,,1,,,2.2061886e-03,23,
22685,666,55,16,5.30,,1,,,2.2061886e-03,23,
22686,666,56,16,5.30,,1,,,2.2061886e-03,23,
22687,666,57,16,5.20,,1,,,2.1237216e-03,23,
22688,666,58,16,5.10,,1,,,2.0428254e-03,23,
22689,667,1,4,23.00,,4,,1.37,0.04,24,
22690,667,2,10,17.00,,1,,,0.02,50,
22691,667,3,10,24.10,,1,,,0.04,50,
22692,667,4,4,21.80,,1,,,0.03,24,
22693,667,5,16,15.50,,1,,,0.01,23,
22694,667,6,28,3.00,,1,,,,1000,"DBH = fronds count."
22695,667,7,16,15.00,,1,,,0.01,23,
22696,667,8,10,12.90,,1,,,0.01,50,
22697,667,9,16,12.50,,1,,,0.01,23,
22698,667,10,16,8.50,,1,,,5.674515e-03,23,
22699,667,11,28,1.00,,1,,,,1000,"DBH = fronds count."
22700,667,12,16,11.40,,1,,,0.01,23,
22701,667,13,10,24.50,,1,,,0.04,50,
22702,667,14,16,15.00,,1,,,0.01,23,
22703,667,15,16,13.80,,4,,1.37,0.01,23,
22704,668,1,5,13.90,,1,,,0.01,27,
22705,668,2,5,7.30,,1,,,4.1853966e-03,27,
22706,668,3,5,7.80,,1,,,4.7783736e-03,27,
22707,668,4,5,7.30,,1,,,4.1853966e-03,27,
22708,668,5,5,5.80,,1,,,2.6420856e-03,27,
22709,668,6,5,5.60,,1,,,2.4630144e-03,27,
22710,668,7,5,5.20,,1,,,2.1237216e-03,27,
22711,668,8,5,8.40,,1,,,5.5417824e-03,27,
22712,668,9,13,11.80,,1,,,0.01,29,
22713,668,10,16,6.50,,1,,,3.318315e-03,23,
22714,668,11,16,5.10,,1,,,2.0428254e-03,23,
22715,668,12,25,28.30,,4,,1.37,0.06,27,"Wood density - subplot species majority used."
22716,668,13,5,8.80,,1,,,6.0821376e-03,27,
22717,668,14,47,33.10,,1,,,0.08,81,
22718,668,15,47,28.80,,1,,,0.06,81,
22719,668,16,5,7.50,,1,,,4.417875e-03,27,
22720,668,17,5,26.70,,1,,,0.05,27,
22721,668,18,13,25.90,,1,,,0.05,29,
22722,668,19,5,19.20,,1,,,0.02,27,
22723,668,20,5,17.80,,1,,,0.02,27,
22724,668,21,5,15.10,,1,,,0.01,27,
22725,668,22,13,14.50,,1,,,0.01,29,
22726,668,23,16,9.20,,1,,,6.6476256e-03,23,
22727,669,1,4,6.00,,1,,,2.82744e-03,24,
22728,669,2,65,6.00,,1,,,2.82744e-03,1000,
22729,669,3,65,6.00,,1,,,2.82744e-03,1000,
22730,669,4,4,6.70,,1,,,3.5256606e-03,24,
22731,669,5,65,6.00,,1,,,2.82744e-03,1000,
22732,669,6,65,5.50,,1,,,2.375835e-03,1000,
22733,669,7,65,5.10,,1,,,2.0428254e-03,1000,
22734,669,8,65,5.00,,1,,,1.9635e-03,1000,
22735,669,9,65,6.30,,1,,,3.1172526e-03,1000,
22736,669,10,65,5.00,,1,,,1.9635e-03,1000,
22737,669,11,4,6.40,,1,,,3.2169984e-03,24,
22738,669,12,65,5.90,,1,,,2.7339774e-03,1000,
22739,669,13,65,7.00,,1,,,3.84846e-03,1000,
22740,669,14,4,32.70,,1,,,0.08,24,
22741,669,15,47,25.70,,1,,,0.05,81,
22742,669,16,10,8.00,,1,,,5.02656e-03,50,
22743,669,17,4,7.60,,1,,,4.5364704e-03,24,
22744,669,18,65,7.00,,1,,,3.84846e-03,1000,
22745,669,19,4,6.90,,1,,,3.7392894e-03,24,
22746,669,20,28,1.00,,1,,,,1000,"DBH = fronds count."
22747,669,21,65,6.50,,1,,,3.318315e-03,1000,
22748,670,1,28,7.00,,1,,,,1000,"DBH = fronds count."
22749,670,2,4,11.00,,1,,,9.50334e-03,24,
22750,670,3,65,10.00,,1,,,7.854e-03,1000,
22751,670,4,65,7.50,,1,,,4.417875e-03,1000,
22752,670,5,65,10.00,,1,,,7.854e-03,1000,
22753,670,6,30,68.60,,1,,,0.36,34,
22754,670,7,47,28.00,,1,,,0.06,81,
22755,670,8,4,22.30,,1,,,0.03,24,
22756,670,9,4,13.00,,1,,,0.01,24,
22757,670,10,65,7.90,,1,,,4.9016814e-03,1000,
22758,670,11,65,7.80,,1,,,4.7783736e-03,1000,
22759,670,12,65,7.00,,1,,,3.84846e-03,1000,
22760,670,13,16,6.90,,1,,,3.7392894e-03,23,
22761,670,14,65,6.00,,1,,,2.82744e-03,1000,
22762,670,15,65,6.00,,1,,,2.82744e-03,1000,
22763,670,16,65,8.00,,1,,,5.02656e-03,1000,
22764,670,17,65,9.00,,1,,,6.36174e-03,1000,
22765,670,18,65,5.00,,1,,,1.9635e-03,1000,
22766,671,1,30,10.50,,1,,,8.659035e-03,34,
22767,671,2,30,6.50,,1,,,3.318315e-03,34,
22768,671,3,4,43.50,,1,,,0.14,24,
22769,671,4,5,6.90,,1,,,3.7392894e-03,27,
22770,671,5,30,6.00,,1,,,2.82744e-03,34,
22771,671,6,22,27.60,,1,,,0.05,82,
22772,671,7,30,16.70,,1,,,0.02,34,
22773,671,8,29,17.20,,1,,,0.02,53,
22774,671,9,22,5.80,,1,,,2.6420856e-03,82,
22775,671,10,30,30.20,,1,,,0.07,34,
22776,671,11,1,71.00,,1,,,0.39,25,
22777,671,12,4,71.80,,1,,,0.40,24,
22778,671,13,30,9.00,,1,,,6.36174e-03,34,
22779,671,14,29,16.40,,1,,,0.02,53,
22780,672,1,30,18.60,,1,,,0.02,34,
22781,672,2,30,17.50,,1,,,0.02,34,
22782,672,3,30,6.30,,1,,,3.1172526e-03,34,
22783,672,4,30,21.90,,1,,,0.03,34,
22784,672,5,16,25.40,,1,,,0.05,23,
22785,672,6,30,34.00,,1,,,0.09,34,
22786,672,7,30,17.50,,1,,,0.02,34,
22787,672,8,5,12.30,,1,,,0.01,27,
22788,672,9,30,12.00,,1,,,0.01,34,
22789,672,10,30,9.90,,1,,,7.6977054e-03,34,
22790,672,11,30,8.50,,1,,,5.674515e-03,34,
22791,672,12,30,6.80,,1,,,3.6316896e-03,34,
22792,672,13,22,6.50,,1,,,3.318315e-03,82,
22793,672,14,30,74.10,,1,,,0.43,34,
22794,672,15,30,14.00,,1,,,0.01,34,
22795,673,1,30,15.80,,1,,,0.01,34,
22796,673,2,5,31.00,,1,,,0.07,27,
22797,673,3,30,6.50,,1,,,3.318315e-03,34,
22798,673,4,22,7.00,,1,,,3.84846e-03,82,
22799,673,5,30,9.10,,1,,,6.5038974e-03,34,
22800,673,6,22,9.50,,1,,,7.088235e-03,82,
22801,673,7,16,15.30,,1,,,0.01,23,
22802,673,8,22,5.50,,1,,,2.375835e-03,82,
22803,673,9,16,24.50,,1,,,0.04,23,
22804,673,10,30,74.80,,1,,,0.43,34,
22805,673,11,22,5.50,,1,,,2.375835e-03,82,
22806,673,12,25,16.50,,2,,,0.02,34,"Wood density - subplot species majority used."
22807,673,13,30,11.60,,1,,,0.01,34,
22808,674,1,30,7.90,,1,,,4.9016814e-03,34,
22809,674,2,5,5.50,,1,,,2.375835e-03,27,
22810,674,3,22,5.00,,1,,,1.9635e-03,82,
22811,674,4,30,6.00,,1,,,2.82744e-03,34,
22812,674,5,25,6.40,,4,,2.94,3.2169984e-03,34,"DEADBREAK_HGT - average of all STATID 4.  Wood density - subplot species majority used."
22813,674,6,30,7.70,,1,,,4.6566366e-03,34,
22814,674,7,5,7.50,,1,,,4.417875e-03,27,
22815,674,8,22,10.00,,1,,,7.854e-03,82,
22816,674,9,22,11.30,,1,,,0.01,82,
22817,674,10,5,14.10,,1,,,0.01,27,
22818,674,11,30,21.30,,1,,,0.03,34,
22819,674,12,30,34.50,,1,,,0.09,34,
22820,674,13,5,7.40,,1,,,4.3008504e-03,27,
22821,674,14,22,8.10,,1,,,5.1530094e-03,82,
22822,674,15,30,7.00,,1,,,3.84846e-03,34,
22823,675,1,25,8.50,,1,,,5.674515e-03,27,"Wood density - subplot species majority used."
22824,675,2,22,32.20,,1,,,0.08,82,
22825,675,3,5,6.80,,1,,,3.6316896e-03,27,
22826,675,4,5,7.50,,1,,,4.417875e-03,27,
22827,675,5,5,10.00,,1,,,7.854e-03,27,
22828,675,6,25,10.50,,1,,,8.659035e-03,27,"Wood density - subplot species majority used."
22829,675,7,25,16.00,,1,,,0.02,27,"Wood density - subplot species majority used."
22830,675,8,5,17.00,,1,,,0.02,27,
22831,675,9,25,20.00,,1,,,0.03,27,"Wood density - subplot species majority used."
22832,675,10,5,35.90,,1,,,0.10,27,
22833,675,11,5,14.40,,1,,,0.01,27,
22834,675,12,25,6.80,,1,,,3.6316896e-03,27,"Wood density - subplot species majority used."
22835,675,13,5,17.10,,1,,,0.02,27,
22836,676,1,30,26.50,,1,,,0.05,34,
22837,676,2,6,13.60,,1,,,0.01,72,"Labelled as “truntum” ? “Dton dtoom (JJB)”"
22838,676,3,30,15.00,,1,,,0.01,34,
22839,676,4,30,15.20,,1,,,0.01,34,
22840,676,5,6,7.60,,1,,,4.5364704e-03,72,"Labelled as “truntum” ? “Dton dtoom (JJB)”"
22841,676,6,25,17.00,,1,,,0.02,72,"Wood density - subplot species majority used."
22842,676,7,30,20.00,,1,,,0.03,34,
22843,676,8,30,23.10,,1,,,0.04,34,
22844,676,9,6,29.00,,1,,,0.06,72,"Labelled as “truntum” ? “Dton dtoom (JJB)”"
22845,676,10,6,12.00,,1,,,0.01,72,"Labelled as “truntum” ? “Dton dtoom (JJB)”"
22846,676,11,5,12.80,,1,,,0.01,27,
22847,676,12,25,15.50,,1,,,0.01,72,"Wood density - subplot species majority used."
22848,676,13,30,22.00,,1,,,0.03,34,
22849,676,14,5,8.10,,1,,,5.1530094e-03,27,
22850,676,15,30,19.90,,1,,,0.03,34,
22851,676,16,5,12.60,,1,,,0.01,27,
22852,676,17,6,6.60,,1,,,3.4212024e-03,72,"Labelled as “truntum” ? “Dton dtoom (JJB)”"
22853,676,18,5,7.50,,1,,,4.417875e-03,27,
22854,676,19,25,8.20,,1,,,5.2810296e-03,72,"Wood density - subplot species majority used."
22855,676,20,25,8.30,,1,,,5.4106206e-03,72,"Wood density - subplot species majority used."
22856,676,21,5,9.50,,1,,,7.088235e-03,27,
22857,676,22,6,9.50,,1,,,7.088235e-03,72,"Labelled as “truntum” ? “Dton dtoom (JJB)”"
22858,676,23,6,12.00,,1,,,0.01,72,"Labelled as “truntum” ? “Dton dtoom (JJB)”"
22859,676,24,25,10.40,,1,,,8.4948864e-03,72,"Wood density - subplot species majority used."
22860,676,25,6,10.50,,1,,,8.659035e-03,72,"Labelled as “truntum” ? “Dton dtoom (JJB)”"
22861,676,26,6,6.40,,1,,,3.2169984e-03,72,"Labelled as “truntum” ? “Dton dtoom (JJB)”"
22862,676,27,6,9.40,,1,,,6.9397944e-03,72,"Labelled as “truntum” ? “Dton dtoom (JJB)”"
22863,676,28,25,6.50,,1,,,3.318315e-03,72,"Wood density - subplot species majority used."
22864,677,1,5,18.50,,1,,,0.02,27,
22865,677,2,16,18.50,,1,,,0.02,23,
22866,677,3,5,5.80,,1,,,2.6420856e-03,27,
22867,677,4,16,15.00,,1,,,0.01,23,
22868,677,5,16,13.30,,1,,,0.01,23,
22869,677,6,30,9.50,,1,,,7.088235e-03,34,
22870,677,7,30,99.30,,1,,,0.77,34,
22871,677,8,25,11.40,,3,,,0.01,34,"Wood density - subplot species majority used."
22872,677,9,30,19.50,,1,,,0.02,34,
22873,677,10,30,19.50,,1,,,0.02,34,
22874,677,11,30,25.60,,1,,,0.05,34,
22875,677,12,5,27.00,,1,,,0.05,27,
22876,677,13,16,28.20,,1,,,0.06,23,
22877,677,14,16,19.50,,1,,,0.02,23,
22878,677,15,5,14.20,,1,,,0.01,27,
22879,677,16,5,19.50,,1,,,0.02,27,
22880,677,17,30,18.60,,1,,,0.02,34,
22881,678,1,5,11.60,,1,,,0.01,27,
22882,678,2,30,17.70,,1,,,0.02,34,
22883,678,3,30,16.30,,1,,,0.02,34,
22884,678,4,30,31.00,,1,,,0.07,34,
22885,678,5,5,23.30,,1,,,0.04,27,
22886,678,6,16,20.70,,1,,,0.03,23,
22887,678,7,5,5.20,,1,,,2.1237216e-03,27,
22888,678,8,30,14.80,,1,,,0.01,34,
22889,678,9,16,8.80,,1,,,6.0821376e-03,23,
22890,678,10,30,22.30,,1,,,0.03,34,
22891,678,11,16,16.30,,1,,,0.02,23,
22892,679,1,30,16.30,,1,,,0.02,34,
22893,679,2,30,52.30,,1,,,0.21,34,
22894,679,3,30,32.00,,1,,,0.08,34,
22895,679,4,30,8.60,,1,,,5.8088184e-03,34,
22896,679,5,30,13.00,,1,,,0.01,34,
22897,679,6,51,15.50,,1,,,0.01,80,"Labelled as “syrip” - likely SOCA"
22898,679,7,30,53.80,,1,,,0.22,34,
22899,679,8,30,20.00,,1,,,0.03,34,
22900,679,9,51,19.10,,1,,,0.02,80,"Labelled as “syrip” - likely SOCA"
22901,680,1,51,11.30,,1,,,0.01,80,"Labelled as “syrip” - likely SOCA"
22902,680,2,51,11.10,,1,,,9.6769134e-03,80,"Labelled as “syrip” - likely SOCA"
22903,680,3,16,14.50,,1,,,0.01,23,
22904,680,4,51,15.20,,1,,,0.01,80,"Labelled as “syrip” - likely SOCA"
22905,680,5,30,21.90,,1,,,0.03,34,
22906,680,6,30,33.00,,1,,,0.08,34,
22907,680,7,30,8.40,,1,,,5.5417824e-03,34,
22908,680,8,30,6.00,,1,,,2.82744e-03,34,
22909,680,9,30,5.00,,1,,,1.9635e-03,34,
22910,680,10,30,5.80,,1,,,2.6420856e-03,34,
22911,680,11,16,5.20,,1,,,2.1237216e-03,23,
22912,680,12,30,5.60,,1,,,2.4630144e-03,34,
22913,680,13,51,5.90,,1,,,2.7339774e-03,80,"Labelled as “syrip” - likely SOCA"
22914,680,14,30,6.20,,1,,,3.0190776e-03,34,
22915,680,15,30,6.70,,1,,,3.5256606e-03,34,
22916,680,16,51,10.00,,1,,,7.854e-03,80,"Labelled as “syrip” - likely SOCA"
22917,680,17,51,23.00,,1,,,0.04,80,"Labelled as “syrip” - likely SOCA"
22918,681,1,13,5.90,,1,,,2.7339774e-03,29,
22919,681,2,10,5.60,,1,,,2.4630144e-03,50,
22920,681,3,10,5.50,,1,,,2.375835e-03,50,
22921,681,4,10,5.50,,1,,,2.375835e-03,50,
22922,681,5,36,9.00,,1,,,6.36174e-03,75,
22923,681,6,10,5.20,,1,,,2.1237216e-03,50,
22924,681,7,25,7.80,,4,,1.37,4.7783736e-03,75,"Wood density - subplot species majority used."
22925,681,8,10,5.10,,1,,,2.0428254e-03,50,
22926,681,9,36,5.40,,1,,,2.2902264e-03,75,
22927,681,10,25,6.50,,4,,1.37,3.318315e-03,75,"Wood density - subplot species majority used."
22928,681,11,13,7.40,,1,,,4.3008504e-03,29,
22929,681,12,10,7.50,,1,,,4.417875e-03,50,
22930,681,13,36,7.50,,1,,,4.417875e-03,75,
22931,681,14,10,7.90,,4,,1.37,4.9016814e-03,50,
22932,681,15,22,8.10,,1,,,5.1530094e-03,82,
22933,681,16,36,6.40,,1,,,3.2169984e-03,75,
22934,681,17,22,48.40,,1,,,0.18,82,
22935,681,18,13,13.50,,1,,,0.01,29,
22936,681,19,25,13.00,,3,,,0.01,75,"Wood density - subplot species majority used."
22937,681,20,36,9.50,,1,,,7.088235e-03,75,
22938,681,21,22,19.00,,1,,,0.02,82,
22939,681,22,36,13.80,,1,,,0.01,75,
22940,681,23,36,6.60,,1,,,3.4212024e-03,75,
22941,681,24,22,9.80,,1,,,7.5429816e-03,82,
22942,681,25,36,10.10,,1,,,8.0118654e-03,75,
22943,681,26,13,12.00,,1,,,0.01,29,
22944,681,27,22,32.80,,1,,,0.08,82,
22945,681,28,13,10.70,,1,,,8.9920446e-03,29,
22946,681,29,13,9.00,,1,,,6.36174e-03,29,
22947,681,30,25,13.50,,2,,,0.01,75,"Wood density - subplot species majority used."
22948,681,31,36,12.80,,1,,,0.01,75,
22949,681,32,36,18.90,,1,,,0.02,75,
22950,681,33,22,16.40,,1,,,0.02,82,
22951,681,34,13,15.90,,1,,,0.01,29,
22952,681,35,36,15.60,,1,,,0.01,75,
22953,681,36,10,12.30,,1,,,0.01,50,
22954,681,37,36,11.60,,1,,,0.01,75,
22955,682,1,22,5.40,,1,,,2.2902264e-03,82,
22956,682,2,10,5.50,,1,,,2.375835e-03,50,
22957,682,3,25,10.10,,4,,1.37,8.0118654e-03,82,"Wood density - subplot species majority used."
22958,682,4,10,5.40,,1,,,2.2902264e-03,50,
22959,682,5,30,18.30,,1,,,0.02,34,
22960,682,6,30,33.30,,1,,,0.08,34,
22961,682,7,10,6.90,,1,,,3.7392894e-03,50,
22962,682,8,10,6.20,,1,,,3.0190776e-03,50,
22963,682,9,36,5.10,,1,,,2.0428254e-03,75,
22964,682,10,10,5.00,,1,,,1.9635e-03,50,
22965,682,11,35,1.00,,1,,,7.854e-05,1000,
22966,682,12,22,9.60,,1,,,7.2382464e-03,82,
22967,682,13,22,40.00,,1,,,0.12,82,
22968,682,14,30,24.00,,1,,,0.04,34,
22969,682,15,61,7.60,,1,,,4.5364704e-03,73,
22970,682,16,10,7.80,,1,,,4.7783736e-03,50,
22971,682,17,36,6.70,,1,,,3.5256606e-03,75,
22972,682,18,36,10.00,,1,,,7.854e-03,75,
22973,682,19,36,7.20,,1,,,4.0715136e-03,75,
22974,682,20,22,8.10,,1,,,5.1530094e-03,82,
22975,682,21,22,11.00,,1,,,9.50334e-03,82,
22976,682,22,10,11.10,,1,,,9.6769134e-03,50,
22977,682,23,22,11.40,,1,,,0.01,82,
22978,682,24,22,12.10,,1,,,0.01,82,
22979,682,25,25,12.40,,2,,,0.01,82,"Wood density - subplot species majority used."
22980,682,26,25,14.00,,2,,,0.01,82,"Wood density - subplot species majority used."
22981,682,27,25,8.00,,4,,1.37,5.02656e-03,82,"Wood density - subplot species majority used."
22982,682,28,22,17.00,,1,,,0.02,82,
22983,682,29,25,6.00,,2,,,2.82744e-03,82,"Wood density - subplot species majority used."
22984,682,30,22,14.00,,1,,,0.01,82,
22985,682,31,25,7.80,,2,,,4.7783736e-03,82,"Wood density - subplot species majority used."
22986,682,32,22,13.30,,1,,,0.01,82,
22987,682,33,22,9.50,,1,,,7.088235e-03,82,
22988,682,34,25,17.80,,2,,,0.02,82,"Wood density - subplot species majority used."
22989,683,1,25,6.40,,3,,,3.2169984e-03,73,"Wood density - subplot species majority used."
22990,683,2,35,1.00,,1,,,7.854e-05,1000,
22991,683,3,22,5.00,,1,,,1.9635e-03,82,
22992,683,4,61,5.10,,1,,,2.0428254e-03,73,
22993,683,5,61,5.20,,1,,,2.1237216e-03,73,
22994,683,6,25,5.30,,4,,1.37,2.2061886e-03,73,"Wood density - subplot species majority used."
22995,683,7,61,9.20,,1,,,6.6476256e-03,73,
22996,683,8,61,6.00,,1,,,2.82744e-03,73,
22997,683,9,25,8.80,,4,,1.37,6.0821376e-03,73,"Wood density - subplot species majority used."
22998,683,10,36,6.20,,1,,,3.0190776e-03,75,
22999,683,11,25,5.30,,4,,1.37,2.2061886e-03,73,"Wood density - subplot species majority used."
23000,683,12,35,1.00,,1,,,7.854e-05,1000,
23001,683,13,36,7.80,,1,,,4.7783736e-03,75,
23002,683,14,61,6.10,,1,,,2.9224734e-03,73,
23003,683,15,26,15.50,,1,,,0.01,28,
23004,683,16,25,5.80,,4,,1.37,2.6420856e-03,73,"Wood density - subplot species majority used."
23005,683,17,36,5.40,,1,,,2.2902264e-03,75,
23006,683,18,25,35.50,,2,,,0.09,73,"Wood density - subplot species majority used."
23007,683,19,22,7.90,,1,,,4.9016814e-03,82,
23008,683,20,22,14.10,,1,,,0.01,82,
23009,683,21,22,13.30,,1,,,0.01,82,
23010,683,22,61,7.20,,1,,,4.0715136e-03,73,
23011,683,23,36,7.00,,1,,,3.84846e-03,75,
23012,683,24,1,10.40,,1,,,8.4948864e-03,25,
23013,683,25,61,10.00,,1,,,7.854e-03,73,
23014,683,26,36,12.20,,1,,,0.01,75,
23015,683,27,13,9.40,,1,,,6.9397944e-03,29,
23016,683,28,1,37.50,,1,,,0.11,25,
23017,683,29,1,21.60,,1,,,0.03,25,
23018,683,30,36,9.10,,1,,,6.5038974e-03,75,
23019,684,1,10,5.60,,1,,,2.4630144e-03,50,
23020,684,2,61,19.30,,1,,,0.02,73,
23021,684,3,26,5.30,,1,,,2.2061886e-03,28,
23022,684,4,36,12.20,,1,,,0.01,75,
23023,684,5,22,11.70,,1,,,0.01,82,
23024,684,6,10,10.60,,1,,,8.8247544e-03,50,
23025,684,7,26,6.40,,1,,,3.2169984e-03,28,
23026,684,8,22,16.80,,1,,,0.02,82,
23027,684,9,26,13.10,,1,,,0.01,28,
23028,684,10,10,5.50,,1,,,2.375835e-03,50,
23029,684,11,61,6.80,,1,,,3.6316896e-03,73,
23030,684,12,36,5.20,,1,,,2.1237216e-03,75,
23031,684,13,26,8.10,,1,,,5.1530094e-03,28,
23032,684,14,22,22.70,,1,,,0.04,82,
23033,684,15,22,22.90,,1,,,0.04,82,
23034,684,16,28,4.00,,1,,,,1000,"DBH = fronds count."
23035,684,17,10,5.10,,1,,,2.0428254e-03,50,
23036,684,18,25,5.10,,4,,1.37,2.0428254e-03,10,"Wood density - subplot species majority used."
23037,684,19,26,7.90,,1,,,4.9016814e-03,28,
23038,684,20,10,7.50,,1,,,4.417875e-03,50,
23039,684,21,10,6.90,,1,,,3.7392894e-03,50,
23040,684,22,22,27.20,,1,,,0.05,82,
23041,685,1,47,8.10,,1,,,5.1530094e-03,81,
23042,685,2,47,8.50,,1,,,5.674515e-03,81,
23043,685,3,16,7.40,,1,,,4.3008504e-03,23,
23044,685,4,16,7.30,,1,,,4.1853966e-03,23,
23045,685,5,16,6.50,,1,,,3.318315e-03,23,
23046,685,6,47,5.60,,1,,,2.4630144e-03,81,
23047,685,7,5,20.10,,1,,,0.03,27,
23048,685,8,47,17.40,,1,,,0.02,81,
23049,685,9,47,7.90,,1,,,4.9016814e-03,81,
23050,685,10,1,25.20,,1,,,0.04,25,
23051,685,11,47,25.40,,1,,,0.05,81,
23052,685,12,47,28.30,,1,,,0.06,81,
23053,685,13,1,29.80,,1,,,0.06,25,
23054,685,14,47,8.60,,1,,,5.8088184e-03,81,
23055,686,1,5,11.90,,1,,,0.01,27,
23056,686,2,47,16.90,,1,,,0.02,81,
23057,686,3,16,26.20,,1,,,0.05,23,
23058,686,4,47,18.00,,1,,,0.02,81,
23059,686,5,47,14.80,,1,,,0.01,81,
23060,686,6,47,14.10,,1,,,0.01,81,
23061,686,7,47,13.70,,1,,,0.01,81,
23062,686,8,16,12.10,,1,,,0.01,23,
23063,686,9,47,11.40,,1,,,0.01,81,
23064,686,10,5,10.20,,1,,,8.1713016e-03,27,
23065,686,11,16,8.50,,1,,,5.674515e-03,23,
23066,686,12,16,6.50,,1,,,3.318315e-03,23,
23067,686,13,47,18.80,,1,,,0.02,81,
23068,686,14,47,12.30,,1,,,0.01,81,
23069,686,15,16,21.90,,1,,,0.03,23,
23070,687,1,16,8.30,,1,,,5.4106206e-03,23,
23071,687,2,16,24.90,,1,,,0.04,23,
23072,687,3,16,19.60,,1,,,0.03,23,
23073,687,4,5,19.60,,1,,,0.03,27,
23074,687,5,16,16.00,,1,,,0.02,23,
23075,687,6,16,12.50,,1,,,0.01,23,
23076,687,7,16,6.90,,1,,,3.7392894e-03,23,
23077,687,8,16,30.60,,1,,,0.07,23,
23078,687,9,16,15.40,,1,,,0.01,23,
23079,688,1,16,28.70,,1,,,0.06,23,
23080,688,2,16,10.30,,1,,,8.3323086e-03,23,
23081,688,3,16,22.90,,1,,,0.04,23,
23082,688,4,13,25.80,,1,,,0.05,29,
23083,688,5,16,6.20,,1,,,3.0190776e-03,23,
23084,688,6,47,7.60,,1,,,4.5364704e-03,81,
23085,688,7,16,20.40,,1,,,0.03,23,
23086,688,8,25,7.10,,4,,1.37,3.9592014e-03,23,"Wood density - subplot species majority used."
23087,688,9,16,16.80,,1,,,0.02,23,
23088,688,10,16,9.50,,1,,,7.088235e-03,23,
23089,688,11,16,12.50,,1,,,0.01,23,
23090,688,12,1,38.10,,1,,,0.11,25,
23091,688,13,16,16.10,,1,,,0.02,23,
23092,688,14,16,16.00,,1,,,0.02,23,
23093,689,1,47,11.60,,1,,,0.01,81,
23094,689,2,47,13.50,,1,,,0.01,81,
23095,689,3,13,48.60,,1,,,0.18,29,
23096,689,4,13,17.40,,1,,,0.02,29,
23097,689,5,47,8.20,,1,,,5.2810296e-03,81,
23098,689,6,47,7.50,,1,,,4.417875e-03,81,
23099,689,7,13,7.20,,1,,,4.0715136e-03,29,
23100,689,8,47,6.50,,1,,,3.318315e-03,81,
23101,689,9,30,16.50,,1,,,0.02,34,
23102,689,10,47,18.30,,1,,,0.02,81,
23103,689,11,13,15.10,,1,,,0.01,29,
23104,689,12,5,23.20,,1,,,0.04,27,
23105,689,13,5,13.20,,1,,,0.01,27,
23106,689,14,47,25.70,,1,,,0.05,81,
23107,689,15,16,6.70,,1,,,3.5256606e-03,23,
23108,689,16,47,27.20,,1,,,0.05,81,
23109,690,1,13,8.00,,1,,,5.02656e-03,29,
23110,690,2,30,24.80,,1,,,0.04,34,
23111,690,3,30,29.20,,1,,,0.06,34,
23112,690,4,30,18.90,,1,,,0.02,34,
23113,690,5,13,14.60,,1,,,0.01,29,
23114,690,6,1,11.30,,1,,,0.01,25,
23115,690,7,30,8.50,,1,,,5.674515e-03,34,
23116,690,8,13,6.10,,1,,,2.9224734e-03,29,
23117,690,9,13,6.00,,1,,,2.82744e-03,29,
23118,690,10,30,41.40,,1,,,0.13,34,
23119,690,11,13,10.40,,1,,,8.4948864e-03,29,
23120,691,1,30,23.00,,1,,,0.04,34,
23121,691,2,30,65.00,,1,,,0.33,34,
23122,691,3,13,40.00,,1,,,0.12,29,
23123,691,4,13,40.00,,1,,,0.12,29,
23124,691,5,30,38.00,,1,,,0.11,34,
23125,691,6,13,9.00,,1,,,6.36174e-03,29,
23126,691,7,30,20.50,,1,,,0.03,34,
23127,691,8,25,10.00,,1,,,7.854e-03,29,"Wood density - subplot species majority used."
23128,691,9,13,15.00,,1,,,0.01,29,
23129,691,10,13,40.00,,1,,,0.12,29,
23130,691,11,1,8.00,,1,,,5.02656e-03,25,
23131,691,12,13,23.00,,1,,,0.04,29,
23132,692,1,10,15.00,,1,,,0.01,50,
23133,692,2,10,10.00,,1,,,7.854e-03,50,
23134,692,3,35,10.00,,1,,,,1000,"DBH = fronds count."
23135,692,4,10,7.00,,1,,,3.84846e-03,50,
23136,692,5,35,6.00,,1,2.50,,2.82744e-03,1000,
23137,692,6,25,10.00,,1,,,7.854e-03,10,"Wood density - subplot species majority used."
23138,692,7,10,13.00,,1,,,0.01,50,
23139,692,8,25,18.00,,1,,,0.02,10,"Wood density - subplot species majority used."
23140,692,9,25,17.00,,1,,,0.02,10,"Wood density - subplot species majority used."
23141,692,10,65,30.00,,1,,,,1000,"DBH = fronds count."
23142,692,11,13,10.00,,1,,,7.854e-03,29,
23143,692,12,35,40.00,,1,2.00,,,1000,"DBH = fronds count."
23144,692,13,30,60.00,,1,,,0.28,34,
23145,692,14,65,30.00,,1,,,,1000,"DBH = fronds count."
23146,692,15,10,14.50,,1,,,0.01,50,
23147,692,16,35,20.00,,1,,,,1000,"DBH = fronds count."
23148,693,1,13,10.00,,1,,,7.854e-03,29,
23149,693,2,13,15.00,,1,,,0.01,29,
23150,693,3,13,18.00,,1,,,0.02,29,
23151,693,4,13,18.00,,1,,,0.02,29,
23152,693,5,28,10.00,,1,,,,1000,"DBH = fronds count."
23153,693,6,13,10.00,,1,,,7.854e-03,29,
23154,693,7,28,8.00,,1,,,,1000,"DBH = fronds count."
23155,693,8,28,8.00,,1,,,,1000,"DBH = fronds count."
23156,693,9,13,18.00,,1,,,0.02,29,
23157,694,1,13,13.00,,1,,,0.01,29,
23158,694,2,13,5.50,,1,,,2.375835e-03,29,
23159,694,3,28,32.00,,1,,,,1000,"DBH = fronds count."
23160,694,4,28,4.00,,1,,,,1000,"DBH = fronds count."
23161,694,5,13,17.50,,1,,,0.02,29,
23162,694,6,13,9.00,,1,,,6.36174e-03,29,
23163,694,7,13,29.30,,1,,,0.06,29,
23164,694,8,13,25.00,,1,,,0.04,29,
23165,694,9,13,15.00,,1,,,0.01,29,
23166,694,10,13,11.00,,1,,,9.50334e-03,29,
23167,694,11,13,10.00,,1,,,7.854e-03,29,
23168,694,12,13,9.00,,1,,,6.36174e-03,29,
23169,694,13,13,7.00,,1,,,3.84846e-03,29,
23170,694,14,28,6.00,,1,,,2.82744e-03,1000,
23171,694,15,13,19.70,,1,,,0.03,29,
23172,694,16,13,21.00,,1,,,0.03,29,
23173,694,17,28,10.00,,1,,,,1000,"DBH = fronds count."
23174,694,18,13,12.50,,1,,,0.01,29,
23175,695,1,28,19.00,,1,,,,1000,"DBH = fronds count."
23176,695,2,13,10.00,,1,,,7.854e-03,29,
23177,695,3,13,5.00,,1,,,1.9635e-03,29,
23178,695,4,13,13.00,,1,,,0.01,29,
23179,695,5,13,11.00,,1,,,9.50334e-03,29,
23180,695,6,25,9.00,,1,,,6.36174e-03,29,"Wood density - subplot species majority used."
23181,695,7,13,26.00,,1,,,0.05,29,
23182,695,8,13,8.00,,1,,,5.02656e-03,29,
23183,695,9,25,8.00,,1,,,5.02656e-03,29,"Wood density - subplot species majority used."
23184,695,10,13,11.00,,1,,,9.50334e-03,29,
23185,695,11,13,10.00,,1,,,7.854e-03,29,
23186,695,12,25,18.30,,1,,,0.02,29,"Wood density - subplot species majority used."
23187,696,1,13,5.50,,1,,,2.375835e-03,29,
23188,696,2,13,7.00,,1,,,3.84846e-03,29,
23189,696,3,13,7.00,,1,,,3.84846e-03,29,
23190,696,4,16,6.50,,1,,,3.318315e-03,23,
23191,696,5,13,6.50,,1,,,3.318315e-03,29,
23192,696,6,13,11.30,,1,,,0.01,29,
23193,696,7,13,6.00,,1,,,2.82744e-03,29,
23194,696,8,13,5.80,,1,,,2.6420856e-03,29,
23195,696,9,13,5.00,,1,,,1.9635e-03,29,
23196,696,10,13,7.00,,1,,,3.84846e-03,29,
23197,696,11,16,18.50,,1,,,0.02,23,
23198,696,12,13,11.00,,1,,,9.50334e-03,29,
23199,696,13,16,17.00,,1,,,0.02,23,
23200,696,14,16,17.00,,1,,,0.02,23,
23201,696,15,13,10.50,,1,,,8.659035e-03,29,
23202,696,16,16,19.00,,1,,,0.02,23,
23203,696,17,16,18.00,,1,,,0.02,23,
23204,696,18,22,14.00,,1,,,0.01,82,
23205,696,19,13,13.00,,1,,,0.01,29,
23206,696,20,13,13.00,,1,,,0.01,29,
23207,696,21,16,14.50,,1,,,0.01,23,
23208,696,22,16,17.00,,1,,,0.02,23,
23209,697,1,64,8.10,,1,,,5.1530094e-03,76,
23210,697,2,62,6.60,,1,,,3.4212024e-03,79,
23211,697,3,64,6.50,,1,,,3.318315e-03,76,
23212,697,4,64,6.20,,1,,,3.0190776e-03,76,
23213,697,5,64,6.20,,1,,,3.0190776e-03,76,
23214,697,6,62,5.70,,1,,,2.5517646e-03,79,
23215,697,7,64,5.60,,1,,,2.4630144e-03,76,
23216,697,8,64,11.00,,1,,,9.50334e-03,76,
23217,697,9,64,14.70,,1,,,0.01,76,
23218,697,10,64,6.80,,1,,,3.6316896e-03,76,
23219,697,11,16,21.60,,1,,,0.03,23,
23220,697,12,64,5.30,,1,,,2.2061886e-03,76,
23221,697,13,64,18.80,,1,,,0.02,76,
23222,697,14,64,18.70,,1,,,0.02,76,
23223,697,15,64,14.20,,1,,,0.01,76,
23224,697,16,64,21.50,,1,,,0.03,76,
23225,697,17,62,7.90,,1,,,4.9016814e-03,79,
23226,697,18,64,16.90,,1,,,0.02,76,
23227,697,19,64,13.00,,1,,,0.01,76,
23228,697,20,64,10.30,,1,,,8.3323086e-03,76,
23229,697,21,63,8.70,,1,,,5.9446926e-03,78,
23230,697,22,64,8.70,,1,,,5.9446926e-03,76,
23231,697,23,64,8.60,,1,,,5.8088184e-03,76,
23232,697,24,64,24.50,,1,,,0.04,76,
23233,697,25,64,10.70,,1,,,8.9920446e-03,76,
23234,697,26,16,7.70,,1,,,4.6566366e-03,23,
23235,698,1,60,16.90,,1,,,0.02,74,
23236,698,2,64,7.90,,1,,,4.9016814e-03,76,
23237,698,3,16,24.70,,1,,,0.04,23,
23238,698,4,63,7.10,,1,,,3.9592014e-03,78,
23239,698,5,5,6.80,,1,,,3.6316896e-03,27,
23240,698,6,10,6.70,,1,,,3.5256606e-03,50,
23241,698,7,63,6.60,,1,,,3.4212024e-03,78,
23242,698,8,16,17.90,,1,,,0.02,23,
23243,698,9,16,5.30,,1,,,2.2061886e-03,23,
23244,698,10,60,13.60,,1,,,0.01,74,
23245,698,11,64,13.30,,1,,,0.01,76,
23246,698,12,16,12.70,,1,,,0.01,23,
23247,698,13,63,9.20,,1,,,6.6476256e-03,78,
23248,698,14,64,8.10,,1,,,5.1530094e-03,76,
23249,698,15,16,7.30,,1,,,4.1853966e-03,23,
23250,698,16,60,23.70,,1,,,0.04,74,
23251,698,17,16,5.10,,1,,,2.0428254e-03,23,
23252,698,18,63,7.80,,1,,,4.7783736e-03,78,
23253,699,1,25,6.10,,1,,,2.9224734e-03,79,"Wood density - subplot species majority used."
23254,699,2,64,8.10,,1,,,5.1530094e-03,76,
23255,699,3,25,6.20,,4,,1.37,3.0190776e-03,79,"Wood density - subplot species majority used."
23256,699,4,62,7.30,,1,,,4.1853966e-03,79,
23257,699,5,25,7.10,,1,,,3.9592014e-03,79,"Wood density - subplot species majority used."
23258,699,6,63,5.40,,1,,,2.2902264e-03,78,
23259,699,7,16,19.70,,1,,,0.03,23,
23260,699,8,60,17.20,,1,,,0.02,74,
23261,699,9,62,15.50,,1,,,0.01,79,
23262,699,10,62,8.50,,1,,,5.674515e-03,79,
23263,699,11,64,8.50,,1,,,5.674515e-03,76,
23264,700,1,25,33.00,,1,,,0.08,76,"Wood density - subplot species majority used."
23265,700,2,64,10.80,,1,,,9.1609056e-03,76,
23266,700,3,13,25.00,,1,,,0.04,29,
23267,700,4,63,19.30,,1,,,0.02,78,
23268,700,5,63,14.90,,1,,,0.01,78,
23269,700,6,13,11.50,,1,,,0.01,29,
23270,700,7,13,7.10,,1,,,3.9592014e-03,29,
23271,700,8,64,7.50,,1,,,4.417875e-03,76,
23272,700,9,60,10.80,,1,,,9.1609056e-03,74,
23273,700,10,64,8.90,,1,,,6.2211534e-03,76,
23274,700,11,13,9.60,,1,,,7.2382464e-03,29,
23275,700,12,64,10.10,,1,,,8.0118654e-03,76,
23276,700,13,64,9.60,,1,,,7.2382464e-03,76,
23277,700,14,64,9.00,,1,,,6.36174e-03,76,
23278,700,15,64,9.10,,1,,,6.5038974e-03,76,
23279,700,16,64,9.30,,1,,,6.7929246e-03,76,
23280,700,17,60,9.40,,1,,,6.9397944e-03,74,
23281,700,18,64,7.60,,1,,,4.5364704e-03,76,
23282,701,1,10,5.50,,1,,,2.375835e-03,50,
23283,701,2,10,15.20,,1,,,0.01,50,
23284,701,3,10,5.60,,1,,,2.4630144e-03,50,
23285,701,4,10,7.90,,1,,,4.9016814e-03,50,
23286,701,5,30,9.40,,1,,,6.9397944e-03,34,
23287,701,6,64,10.50,,1,,,8.659035e-03,76,
23288,701,7,10,10.60,,2,,,8.8247544e-03,50,"dying"
23289,701,8,30,14.00,,3,,,0.01,34,
23290,701,9,30,14.90,,2,,,0.01,34,
23291,701,10,30,29.30,,1,,,0.06,34,
23292,701,11,30,21.20,,3,,,0.03,34,
23293,701,12,30,81.10,,1,,,0.51,34,
23294,701,13,10,19.40,,1,,,0.02,50,
23295,701,14,30,45.40,,1,,,0.16,34,
23296,701,15,10,40.70,,1,,,0.13,50,
23297,701,16,30,29.50,,4,,1.37,0.06,34,
23298,701,17,30,23.60,,1,,,0.04,34,
23299,701,18,10,21.20,,1,,,0.03,50,
23300,701,19,10,19.80,,1,,,0.03,50,
23301,701,20,10,18.40,,1,,,0.02,50,
23302,701,21,30,54.60,,1,,,0.23,34,
23303,702,1,30,19.20,,1,,,0.02,34,
23304,702,2,30,29.00,,1,,,0.06,34,
23305,702,3,63,10.70,,1,,,8.9920446e-03,78,
23306,702,4,30,16.30,,1,,,0.02,34,
23307,702,5,30,18.50,,1,,,0.02,34,
23308,702,6,30,57.50,,1,,,0.25,34,
23309,702,7,63,12.70,,1,,,0.01,78,
23310,702,8,30,20.80,,1,,,0.03,34,
23311,703,1,16,7.80,,1,,,4.7783736e-03,23,
23312,703,2,16,8.20,,1,,,5.2810296e-03,23,
23313,703,3,16,13.10,,1,,,0.01,23,
23314,703,4,16,11.80,,1,,,0.01,23,
23315,703,5,28,3.00,,1,,,,1000,"DBH = fronds count."
23316,703,6,16,7.50,,1,,,4.417875e-03,23,
23317,703,7,16,8.10,,1,,,5.1530094e-03,23,
23318,703,8,16,8.00,,1,,,5.02656e-03,23,
23319,703,9,16,6.40,,1,,,3.2169984e-03,23,
23320,703,10,16,7.80,,1,,,4.7783736e-03,23,
23321,703,11,16,7.30,,1,,,4.1853966e-03,23,
23322,703,12,16,7.90,,1,,,4.9016814e-03,23,
23323,703,13,16,7.00,,1,,,3.84846e-03,23,
23324,703,14,16,7.00,,1,,,3.84846e-03,23,
23325,703,15,16,6.80,,1,,,3.6316896e-03,23,
23326,703,16,16,6.70,,1,,,3.5256606e-03,23,
23327,703,17,16,6.50,,1,,,3.318315e-03,23,
23328,703,18,16,12.50,,1,,,0.01,23,
23329,703,19,16,6.60,,1,,,3.4212024e-03,23,
23330,703,20,16,10.30,,1,,,8.3323086e-03,23,
23331,703,21,16,8.40,,1,,,5.5417824e-03,23,
23332,703,22,16,7.20,,1,,,4.0715136e-03,23,
23333,703,23,28,11.00,,1,,,,1000,"DBH = fronds count."
23334,703,24,16,10.80,,1,,,9.1609056e-03,23,
23335,703,25,16,10.00,,1,,,7.854e-03,23,
23336,703,26,16,9.40,,1,,,6.9397944e-03,23,
23337,703,27,16,9.10,,1,,,6.5038974e-03,23,
23338,703,28,28,9.00,,1,,,,1000,"DBH = fronds count."
23339,703,29,16,8.60,,1,,,5.8088184e-03,23,
23340,703,30,16,6.40,,1,,,3.2169984e-03,23,
23341,703,31,16,10.90,,1,,,9.3313374e-03,23,
23342,703,32,16,11.20,,1,,,9.8520576e-03,23,
23343,703,33,16,12.70,,1,,,0.01,23,
23344,703,34,28,3.00,,1,,,,1000,"DBH = fronds count."
23345,703,35,16,11.30,,1,,,0.01,23,
23346,703,36,28,3.00,,1,,,,1000,"DBH = fronds count."
23347,703,37,28,4.00,,1,,,,1000,"DBH = fronds count."
23348,703,38,16,5.20,,1,,,2.1237216e-03,23,
23349,703,39,16,5.50,,1,,,2.375835e-03,23,
23350,703,40,16,5.80,,1,,,2.6420856e-03,23,
23351,704,1,16,7.80,,1,,,4.7783736e-03,23,
23352,704,2,16,5.50,,1,,,2.375835e-03,23,
23353,704,3,16,6.30,,1,,,3.1172526e-03,23,
23354,704,4,16,5.90,,1,,,2.7339774e-03,23,
23355,704,5,16,5.60,,1,,,2.4630144e-03,23,
23356,704,6,16,6.20,,1,,,3.0190776e-03,23,
23357,704,7,16,5.40,,1,,,2.2902264e-03,23,
23358,704,8,16,5.30,,1,,,2.2061886e-03,23,
23359,704,9,16,5.10,,1,,,2.0428254e-03,23,
23360,704,10,16,5.00,,1,,,1.9635e-03,23,
23361,704,11,16,6.60,,1,,,3.4212024e-03,23,
23362,704,12,16,6.00,,1,,,2.82744e-03,23,
23363,704,13,16,5.00,,1,,,1.9635e-03,23,
23364,704,14,16,6.70,,1,,,3.5256606e-03,23,
23365,704,15,16,6.90,,1,,,3.7392894e-03,23,
23366,704,16,16,6.90,,1,,,3.7392894e-03,23,
23367,704,17,16,7.00,,1,,,3.84846e-03,23,
23368,704,18,16,7.00,,1,,,3.84846e-03,23,
23369,704,19,16,7.00,,1,,,3.84846e-03,23,
23370,704,20,16,7.20,,1,,,4.0715136e-03,23,
23371,704,21,16,7.30,,1,,,4.1853966e-03,23,
23372,704,22,16,7.50,,1,,,4.417875e-03,23,
23373,704,23,16,6.50,,1,,,3.318315e-03,23,
23374,704,24,16,7.70,,1,,,4.6566366e-03,23,
23375,704,25,16,5.80,,1,,,2.6420856e-03,23,
23376,704,26,16,7.60,,1,,,4.5364704e-03,23,
23377,704,27,16,9.00,,1,,,6.36174e-03,23,
23378,704,28,16,6.00,,1,,,2.82744e-03,23,
23379,704,29,16,10.50,,1,,,8.659035e-03,23,
23380,704,30,16,9.20,,1,,,6.6476256e-03,23,
23381,704,31,16,9.20,,1,,,6.6476256e-03,23,
23382,704,32,16,9.00,,1,,,6.36174e-03,23,
23383,704,33,16,9.00,,1,,,6.36174e-03,23,
23384,704,34,16,8.80,,1,,,6.0821376e-03,23,
23385,704,35,16,8.50,,1,,,5.674515e-03,23,
23386,704,36,16,8.50,,1,,,5.674515e-03,23,
23387,704,37,16,8.50,,1,,,5.674515e-03,23,
23388,704,38,16,10.00,,1,,,7.854e-03,23,
23389,704,39,16,8.00,,1,,,5.02656e-03,23,
23390,704,40,16,8.50,,1,,,5.674515e-03,23,
23391,704,41,16,9.30,,1,,,6.7929246e-03,23,
23392,704,42,16,9.60,,1,,,7.2382464e-03,23,
23393,704,43,16,6.20,,1,,,3.0190776e-03,23,
23394,704,44,16,8.00,,1,,,5.02656e-03,23,
23395,704,45,16,9.00,,1,,,6.36174e-03,23,
23396,704,46,16,12.60,,1,,,0.01,23,
23397,704,47,16,9.50,,1,,,7.088235e-03,23,
23398,704,48,16,9.40,,1,,,6.9397944e-03,23,
23399,704,49,16,9.80,,1,,,7.5429816e-03,23,
23400,704,50,16,9.90,,1,,,7.6977054e-03,23,
23401,704,51,16,10.50,,1,,,8.659035e-03,23,
23402,704,52,16,9.40,,1,,,6.9397944e-03,23,
23403,704,53,16,11.30,,1,,,0.01,23,
23404,704,54,16,11.50,,1,,,0.01,23,
23405,705,1,16,8.60,,1,,,5.8088184e-03,23,
23406,705,2,16,11.10,,1,,,9.6769134e-03,23,
23407,705,3,16,5.90,,1,,,2.7339774e-03,23,
23408,705,4,16,6.00,,1,,,2.82744e-03,23,
23409,705,5,16,6.00,,1,,,2.82744e-03,23,
23410,705,6,16,6.00,,1,,,2.82744e-03,23,
23411,705,7,16,8.00,,1,,,5.02656e-03,23,
23412,705,8,16,5.90,,1,,,2.7339774e-03,23,
23413,705,9,16,5.30,,1,,,2.2061886e-03,23,
23414,705,10,16,5.90,,1,,,2.7339774e-03,23,
23415,705,11,16,5.80,,1,,,2.6420856e-03,23,
23416,705,12,16,5.70,,1,,,2.5517646e-03,23,
23417,705,13,16,5.60,,1,,,2.4630144e-03,23,
23418,705,14,16,5.50,,1,,,2.375835e-03,23,
23419,705,15,16,5.40,,1,,,2.2902264e-03,23,
23420,705,16,16,8.00,,1,,,5.02656e-03,23,
23421,705,17,16,9.90,,1,,,7.6977054e-03,23,
23422,705,18,16,5.30,,1,,,2.2061886e-03,23,
23423,705,19,16,11.00,,1,,,9.50334e-03,23,
23424,705,20,16,5.60,,1,,,2.4630144e-03,23,
23425,705,21,16,10.80,,1,,,9.1609056e-03,23,
23426,705,22,16,11.10,,1,,,9.6769134e-03,23,
23427,705,23,16,6.20,,1,,,3.0190776e-03,23,
23428,705,24,16,9.50,,1,,,7.088235e-03,23,
23429,705,25,16,9.50,,1,,,7.088235e-03,23,
23430,705,26,16,9.70,,1,,,7.3898286e-03,23,
23431,705,27,16,9.40,,1,,,6.9397944e-03,23,
23432,705,28,16,10.30,,1,,,8.3323086e-03,23,
23433,705,29,16,10.40,,1,,,8.4948864e-03,23,
23434,705,30,16,8.20,,1,,,5.2810296e-03,23,
23435,705,31,16,8.10,,1,,,5.1530094e-03,23,
23436,705,32,16,10.00,,1,,,7.854e-03,23,
23437,705,33,16,9.20,,1,,,6.6476256e-03,23,
23438,705,34,16,9.10,,1,,,6.5038974e-03,23,
23439,705,35,16,9.00,,1,,,6.36174e-03,23,
23440,705,36,16,9.00,,1,,,6.36174e-03,23,
23441,705,37,16,8.80,,1,,,6.0821376e-03,23,
23442,705,38,16,8.70,,1,,,5.9446926e-03,23,
23443,705,39,16,8.40,,1,,,5.5417824e-03,23,
23444,705,40,16,9.30,,1,,,6.7929246e-03,23,
23445,705,41,16,6.70,,1,,,3.5256606e-03,23,
23446,705,42,16,7.50,,1,,,4.417875e-03,23,
23447,705,43,16,7.40,,1,,,4.3008504e-03,23,
23448,705,44,16,7.40,,1,,,4.3008504e-03,23,
23449,705,45,16,6.10,,1,,,2.9224734e-03,23,
23450,705,46,16,7.20,,1,,,4.0715136e-03,23,
23451,705,47,16,6.10,,1,,,2.9224734e-03,23,
23452,705,48,16,6.90,,1,,,3.7392894e-03,23,
23453,705,49,16,6.30,,1,,,3.1172526e-03,23,
23454,705,50,16,6.80,,1,,,3.6316896e-03,23,
23455,705,51,16,7.70,,1,,,4.6566366e-03,23,
23456,705,52,16,6.60,,1,,,3.4212024e-03,23,
23457,705,53,16,6.40,,1,,,3.2169984e-03,23,
23458,705,54,16,6.40,,1,,,3.2169984e-03,23,
23459,705,55,16,6.40,,1,,,3.2169984e-03,23,
23460,705,56,16,6.20,,1,,,3.0190776e-03,23,
23461,705,57,16,7.30,,1,,,4.1853966e-03,23,
23462,705,58,16,9.30,,1,,,6.7929246e-03,23,
23463,705,59,16,9.40,,1,,,6.9397944e-03,23,
23464,705,60,16,6.80,,1,,,3.6316896e-03,23,
23465,705,61,16,5.30,,1,,,2.2061886e-03,23,
23466,705,62,16,5.20,,1,,,2.1237216e-03,23,
23467,705,63,16,5.20,,1,,,2.1237216e-03,23,
23468,705,64,16,5.20,,1,,,2.1237216e-03,23,
23469,705,65,16,5.10,,1,,,2.0428254e-03,23,
23470,705,66,16,5.10,,1,,,2.0428254e-03,23,
23471,705,67,16,5.10,,1,,,2.0428254e-03,23,
23472,705,68,16,5.10,,1,,,2.0428254e-03,23,
23473,705,69,16,5.10,,1,,,2.0428254e-03,23,
23474,705,70,16,7.70,,1,,,4.6566366e-03,23,
23475,705,71,16,5.00,,1,,,1.9635e-03,23,
23476,705,72,16,7.70,,1,,,4.6566366e-03,23,
23477,705,73,16,7.00,,1,,,3.84846e-03,23,
23478,705,74,16,9.20,,1,,,6.6476256e-03,23,
23479,705,75,16,11.20,,1,,,9.8520576e-03,23,
23480,705,76,16,11.30,,1,,,0.01,23,
23481,705,77,16,8.00,,1,,,5.02656e-03,23,
23482,705,78,16,8.00,,1,,,5.02656e-03,23,
23483,705,79,16,7.90,,1,,,4.9016814e-03,23,
23484,705,80,16,5.30,,1,,,2.2061886e-03,23,
23485,705,81,16,5.00,,1,,,1.9635e-03,23,
